9882,11904,1560345604.4525497
9882,11904,1560345604.4525497
9883,11904,1560345604.4525497
9884,11906,1560345604.4525497
9886,11908,1560345604.4525497
9888,11910,1560345604.4525497
9891,11913,1560345604.4525497
9895,11916,1560345604.4525497
9898,11920,1560345604.4525497
9903,11924,1560345604.4525497
9907,11928,1560345604.4525497
9911,11932,1560345604.4525497
9915,11936,1560345604.4525497
9919,11941,1560345604.4525497
9923,11945,1560345604.4525497
9928,11949,1560345604.4525497
9932,11953,1560345604.4525497
9936,11957,1560345604.4525497
9940,11961,1560345604.4525497
9944,11965,1560345604.4525497
9948,11969,1560345604.4525497
9952,11973,1560345604.4525497
9956,11977,1560345604.4525497
9961,11981,1560345604.4525497
9964,11985,1560345604.4525497
9968,11989,1560345604.4525497
9972,11993,1560345604.4525497
9977,11997,1560345604.4525497
9980,12001,1560345604.4525497
9984,12005,1560345604.4525497
9988,12009,1560345604.4525497
9992,12013,1560345604.4525497
9996,12017,1560345604.4525497
10000,12021,1560345604.4525497
10004,12025,1560345604.4525497
10008,12029,1560345604.4525497
10012,12033,1560345604.4525497
10016,12037,1560345604.4525497
10020,12041,1560345604.4525497
10023,12045,1560345604.4525497
10027,12049,1560345604.4525497
10032,12053,1560345604.4525497
10036,12057,1560345604.4525497
10040,12062,1560345604.4525497
10044,12066,1560345604.4525497
10048,12070,1560345604.4525497
10052,12073,1560345604.4525497
10056,12078,1560345604.4525497
10060,12082,1560345604.4525497
10064,12086,1560345604.4525497
10068,12089,1560345604.4525497
10072,12094,1560345604.4525497
10075,12098,1560345604.4525497
10079,12101,1560345604.4525497
10084,12105,1560345604.4525497
10088,12110,1560345604.4525497
10092,12113,1560345604.4525497
10095,12117,1560345604.4525497
10099,12122,1560345604.4525497
10104,12126,1560345604.4525497
10108,12129,1560345604.4525497
10112,12134,1560345604.4525497
10116,12138,1560345604.4525497
10120,12142,1560345604.4525497
10123,12145,1560345604.4525497
10128,12150,1560345604.4525497
10132,12154,1560345604.4525497
10136,12158,1560345604.4525497
10140,12162,1560345604.4525497
10144,12166,1560345604.4525497
10148,12170,1560345604.4525497
10152,12174,1560345604.4525497
10156,12178,1560345604.4525497
10159,12182,1560345604.4525497
10164,12186,1560345604.4525497
10168,12190,1560345604.4525497
10171,12194,1560345604.4525497
10176,12197,1560345604.4525497
10180,12201,1560345604.4525497
10184,12206,1560345604.4525497
10187,12209,1560345604.4525497
10192,12213,1560345604.4525497
10196,12217,1560345604.4525497
10199,12222,1560345604.4525497
10203,12225,1560345604.4525497
10208,12229,1560345604.4525497
10212,12233,1560345604.4525497
10216,12238,1560345604.4525497
10220,12241,1560345604.4525497
10224,12246,1560345604.4525497
10228,12250,1560345604.4525497
10232,12254,1560345604.4525497
10236,12258,1560345604.4525497
10240,12262,1560345604.4525497
10244,12266,1560345604.4525497
10248,12270,1560345604.4525497
10252,12274,1560345604.4525497
10256,12278,1560345604.4525497
10260,12281,1560345604.4525497
10264,12285,1560345604.4525497
10268,12289,1560345604.4525497
10272,12293,1560345604.4525497
10276,12297,1560345604.4525497
10280,12302,1560345604.4525497
10284,12306,1560345604.4525497
10288,12310,1560345604.4525497
10292,12314,1560345604.4525497
10296,12317,1560345604.4525497
10300,12322,1560345604.4525497
10304,12326,1560345604.4525497
10307,12329,1560345604.4525497
10311,12334,1560345604.4525497
10316,12338,1560345604.4525497
10320,12341,1560345604.4525497
10324,12345,1560345604.4525497
10328,12350,1560345604.4525497
10331,12354,1560345604.4525497
10336,12358,1560345604.4525497
10340,12362,1560345604.4525497
10344,12366,1560345604.4525497
10347,12370,1560345604.4525497
10352,12374,1560345604.4525497
10356,12377,1560345604.4525497
10359,12382,1560345604.4525497
10363,12386,1560345604.4525497
10367,12390,1560345604.4525497
10371,12393,1560345604.4525497
10375,12397,1560345604.4525497
10379,12401,1560345604.4525497
10383,12405,1560345604.4525497
10387,12409,1560345604.4525497
10392,12414,1560345604.4525497
10396,12418,1560345604.4525497
10400,12421,1560345604.4525497
10404,12426,1560345604.4525497
10408,12430,1560345604.4525497
10412,12434,1560345604.4525497
10416,12438,1560345604.4525497
10420,12442,1560345604.4525497
10424,12446,1560345604.4525497
10428,12450,1560345604.4525497
10432,12454,1560345604.4525497
10436,12458,1560345604.4525497
10440,12462,1560345604.4525497
10444,12466,1560345604.4525497
10448,12469,1560345604.4525497
10451,12473,1560345604.4525497
10456,12478,1560345604.4525497
10460,12481,1560345604.4525497
10463,12485,1560345604.4525497
10468,12490,1560345604.4525497
10472,12494,1560345604.4525497
10476,12497,1560345604.4525497
10480,12501,1560345604.4525497
10484,12506,1560345604.4525497
10488,12510,1560345604.4525497
10492,12514,1560345604.4525497
10496,12518,1560345604.4525497
10500,12522,1560345604.4525497
10503,12525,1560345604.4525497
10508,12529,1560345604.4525497
10512,12534,1560345604.4525497
10515,12537,1560345604.4525497
10520,12541,1560345604.4525497
10524,12546,1560345604.4525497
10528,12550,1560345604.4525497
10532,12553,1560345604.4525497
10536,12557,1560345604.4525497
10540,12562,1560345604.4525497
10544,12565,1560345604.4525497
10548,12569,1560345604.4525497
10552,12574,1560345604.4525497
10556,12578,1560345604.4525497
10560,12582,1560345604.4525497
10563,12586,1560345604.4525497
10567,12589,1560345604.4525497
10571,12593,1560345604.4525497
10576,12598,1560345604.4525497
10579,12601,1560345604.4525497
10584,12606,1560345604.4525497
10588,12610,1560345604.4525497
10592,12614,1560345604.4525497
10595,12618,1560345604.4525497
10600,12621,1560345604.4525497
10604,12626,1560345604.4525497
10608,12630,1560345604.4525497
10611,12633,1560345604.4525497
10616,12637,1560345604.4525497
10620,12642,1560345604.4525497
10624,12646,1560345604.4525497
10628,12649,1560345604.4525497
10632,12653,1560345604.4525497
10636,12658,1560345604.4525497
10640,12662,1560345604.4525497
10644,12666,1560345604.4525497
10648,12670,1560345604.4525497
10652,12674,1560345604.4525497
10656,12678,1560345604.4525497
10659,12682,1560345604.4525497
10664,12686,1560345604.4525497
10668,12690,1560345604.4525497
10671,12694,1560345604.4525497
10676,12697,1560345604.4525497
10680,12701,1560345604.4525497
10683,12705,1560345604.4525497
10687,12710,1560345604.4525497
10692,12713,1560345604.4525497
10696,12717,1560345604.4525497
10700,12722,1560345604.4525497
10703,12726,1560345604.4525497
10708,12729,1560345604.4525497
10712,12734,1560345604.4525497
10716,12738,1560345604.4525497
10720,12741,1560345604.4525497
10724,12745,1560345604.4525497
10728,12750,1560345604.4525497
10732,12754,1560345604.4525497
10736,12758,1560345604.4525497
10740,12761,1560345604.4525497
10744,12766,1560345604.4525497
10748,12770,1560345604.4525497
10751,12773,1560345604.4525497
10755,12777,1560345604.4525497
10760,12782,1560345604.4525497
10763,12786,1560345604.4525497
10768,12789,1560345604.4525497
10772,12793,1560345604.4525497
10776,12798,1560345604.4525497
10780,12801,1560345604.4525497
10784,12805,1560345604.4525497
10788,12810,1560345604.4525497
10792,12814,1560345604.4525497
10796,12817,1560345604.4525497
10800,12822,1560345604.4525497
10803,12825,1560345604.4525497
10808,12829,1560345604.4525497
10811,12833,1560345604.4525497
10815,12838,1560345604.4525497
10820,12841,1560345604.4525497
10824,12845,1560345604.4525497
10828,12850,1560345604.4525497
10831,12854,1560345604.4525497
10836,12857,1560345604.4525497
10840,12862,1560345604.4525497
10844,12866,1560345604.4525497
10847,12870,1560345604.4525497
10852,12874,1560345604.4525497
10856,12877,1560345604.4525497
10860,12881,1560345604.4525497
10864,12886,1560345604.4525497
10867,12889,1560345604.4525497
10871,12893,1560345604.4525497
10876,12898,1560345604.4525497
10880,12902,1560345604.4525497
10884,12905,1560345604.4525497
10887,12909,1560345604.4525497
10892,12914,1560345608.4520307
10896,12918,1560345608.4520307
10899,12920,1560345608.4520307
10903,12919,1560345608.4520307
10906,12918,1560345608.4520307
10908,12920,1560345608.4520307
10911,12920,1560345608.4520307
10913,12919,1560345608.4520307
10915,12919,1560345608.4520307
10917,12918,1560345608.4520307
10918,12917,1560345608.4520307
10920,12915,1560345608.4520307
10922,12914,1560345608.4520307
10923,12912,1560345608.4520307
10925,12910,1560345608.4520307
10927,12908,1560345608.4520307
10929,12906,1560345608.4520307
10931,12904,1560345608.4520307
10933,12902,1560345608.4520307
10935,12900,1560345608.4520307
10937,12898,1560345608.4520307
10939,12896,1560345608.4520307
10941,12893,1560345608.4520307
10943,12891,1560345608.4520307
10945,12889,1560345608.4520307
10948,12887,1560345608.4520307
10950,12885,1560345608.4520307
10952,12883,1560345608.4520307
10954,12881,1560345608.4520307
10956,12879,1560345608.4520307
10958,12877,1560345608.4520307
10960,12876,1560345608.4520307
10962,12873,1560345608.4520307
10964,12871,1560345608.4520307
10967,12870,1560345608.4520307
10968,12867,1560345608.4520307
10970,12865,1560345608.4520307
10972,12863,1560345608.4520307
10975,12861,1560345608.4520307
10977,12859,1560345608.4520307
10978,12857,1560345608.4520307
10980,12855,1560345608.4520307
10982,12853,1560345608.4520307
10984,12851,1560345608.4520307
10986,12849,1560345608.4520307
10988,12847,1560345608.4520307
10990,12845,1560345608.4520307
10992,12843,1560345608.4520307
10994,12841,1560345608.4520307
10996,12839,1560345608.4520307
10998,12837,1560345608.4520307
11000,12835,1560345608.4520307
11002,12833,1560345608.4520307
11004,12831,1560345608.4520307
11006,12829,1560345608.4520307
11008,12827,1560345608.4520307
11010,12825,1560345608.4520307
11012,12823,1560345608.4520307
11014,12821,1560345608.4520307
11016,12819,1560345608.4520307
11018,12817,1560345608.4520307
11020,12815,1560345608.4520307
11022,12813,1560345608.4520307
11024,12811,1560345608.4520307
11026,12809,1560345608.4520307
11028,12807,1560345608.4520307
11030,12804,1560345608.4520307
11032,12803,1560345608.4520307
11034,12801,1560345608.4520307
11036,12799,1560345608.4520307
11038,12797,1560345608.4520307
11040,12795,1560345608.4520307
11042,12792,1560345608.4520307
11045,12791,1560345608.4520307
11046,12788,1560345608.4520307
11048,12786,1560345608.4520307
11051,12784,1560345608.4520307
11053,12783,1560345608.4520307
11054,12780,1560345608.4520307
11056,12778,1560345608.4520307
11058,12777,1560345608.4520307
11060,12775,1560345608.4520307
11062,12772,1560345608.4520307
11064,12771,1560345608.4520307
11066,12769,1560345608.4520307
11068,12766,1560345608.4520307
11070,12764,1560345608.4520307
11072,12763,1560345608.4520307
11074,12761,1560345608.4520307
11076,12758,1560345608.4520307
11078,12757,1560345608.4520307
11080,12755,1560345608.4520307
11082,12753,1560345608.4520307
11084,12751,1560345608.4520307
11085,12749,1560345608.4520307
11087,12747,1560345608.4520307
11090,12745,1560345608.4520307
11091,12744,1560345608.4520307
11093,12742,1560345608.4520307
11095,12739,1560345608.4520307
11097,12737,1560345608.4520307
11099,12735,1560345608.4520307
11102,12733,1560345608.4520307
11104,12731,1560345608.4520307
11106,12729,1560345608.4520307
11108,12726,1560345608.4520307
11110,12724,1560345608.4520307
11112,12723,1560345608.4520307
11114,12721,1560345608.4520307
11116,12718,1560345608.4520307
11118,12717,1560345608.4520307
11120,12715,1560345608.4520307
11122,12712,1560345608.4520307
11124,12710,1560345608.4520307
11126,12708,1560345608.4520307
11128,12707,1560345608.4520307
11130,12704,1560345608.4520307
11131,12702,1560345608.4520307
11134,12700,1560345608.4520307
11136,12699,1560345608.4520307
11138,12696,1560345608.4520307
11139,12694,1560345608.4520307
11142,12692,1560345608.4520307
11144,12690,1560345608.4520307
11146,12688,1560345608.4520307
11148,12686,1560345608.4520307
11150,12684,1560345608.4520307
11152,12682,1560345608.4520307
11154,12680,1560345608.4520307
11155,12678,1560345608.4520307
11157,12676,1560345608.4520307
11160,12674,1560345608.4520307
11161,12672,1560345608.4520307
11163,12670,1560345608.4520307
11165,12669,1560345608.4520307
11167,12667,1560345608.4520307
11169,12664,1560345608.4520307
11172,12662,1560345608.4520307
11174,12661,1560345608.4520307
11175,12659,1560345608.4520307
11178,12656,1560345608.4520307
11179,12654,1560345608.4520307
11181,12653,1560345608.4520307
11183,12651,1560345608.4520307
11186,12649,1560345608.4520307
11187,12647,1560345608.4520307
11189,12644,1560345608.4520307
11192,12643,1560345608.4520307
11194,12640,1560345608.4520307
11196,12638,1560345608.4520307
11198,12636,1560345608.4520307
11200,12635,1560345608.4520307
11202,12632,1560345608.4520307
11203,12630,1560345608.4520307
11206,12628,1560345608.4520307
11208,12627,1560345608.4520307
11209,12624,1560345608.4520307
11211,12622,1560345608.4520307
11214,12620,1560345608.4520307
11216,12618,1560345608.4520307
11218,12616,1560345608.4520307
11220,12614,1560345608.4520307
11222,12612,1560345608.4520307
11224,12610,1560345608.4520307
11226,12608,1560345608.4520307
11228,12607,1560345608.4520307
11230,12604,1560345608.4520307
11231,12602,1560345608.4520307
11234,12600,1560345608.4520307
11235,12599,1560345608.4520307
11237,12596,1560345608.4520307
11240,12594,1560345608.4520307
11242,12593,1560345608.4520307
11243,12590,1560345608.4520307
11245,12588,1560345608.4520307
11248,12587,1560345608.4520307
11249,12585,1560345608.4520307
11251,12583,1560345608.4520307
11253,12581,1560345608.4520307
11255,12579,1560345608.4520307
11257,12576,1560345608.4520307
11259,12574,1560345608.4520307
11261,12572,1560345608.4520307
11263,12570,1560345608.4520307
11266,12568,1560345608.4520307
11267,12566,1560345608.4520307
11269,12565,1560345608.4520307
11272,12563,1560345608.4520307
11274,12560,1560345608.4520307
11275,12558,1560345608.4520307
11277,12557,1560345608.4520307
11280,12554,1560345608.4520307
11282,12552,1560345608.4520307
11284,12550,1560345608.4520307
11285,12548,1560345608.4520307
11287,12547,1560345608.4520307
11289,12544,1560345608.4520307
11291,12542,1560345608.4520307
11293,12541,1560345608.4520307
11295,12538,1560345608.4520307
11297,12536,1560345608.4520307
11299,12534,1560345608.4520307
11302,12533,1560345608.4520307
11303,12530,1560345608.4520307
11306,12528,1560345608.4520307
11308,12526,1560345608.4520307
11309,12524,1560345608.4520307
11311,12522,1560345608.4520307
11314,12521,1560345608.4520307
11315,12519,1560345608.4520307
11317,12516,1560345608.4520307
11319,12515,1560345608.4520307
11321,12513,1560345608.4520307
11323,12511,1560345608.4520307
11326,12508,1560345608.4520307
11328,12507,1560345608.4520307
11329,12505,1560345608.4520307
11332,12502,1560345608.4520307
11334,12500,1560345608.4520307
11336,12498,1560345608.4520307
11338,12496,1560345608.4520307
11340,12494,1560345608.4520307
11342,12493,1560345608.4520307
11343,12491,1560345608.4520307
11346,12489,1560345608.4520307
11347,12487,1560345608.4520307
11349,12484,1560345608.4520307
11352,12483,1560345608.4520307
11354,12480,1560345608.4520307
11356,12478,1560345608.4520307
11358,12476,1560345608.4520307
11360,12474,1560345608.4520307
11362,12472,1560345608.4520307
11364,12470,1560345608.4520307
11366,12468,1560345608.4520307
11368,12466,1560345608.4520307
11370,12464,1560345608.4520307
11371,12462,1560345608.4520307
11374,12460,1560345608.4520307
11376,12458,1560345608.4520307
11378,12456,1560345608.4520307
11379,12454,1560345608.4520307
11382,12452,1560345608.4520307
11384,12450,1560345608.4520307
11385,12449,1560345608.4520307
11387,12446,1560345608.4520307
11390,12444,1560345608.4520307
11392,12443,1560345608.4520307
11393,12440,1560345608.4520307
11396,12438,1560345608.4520307
11398,12436,1560345608.4520307
11400,12435,1560345608.4520307
11402,12432,1560345608.4520307
11404,12430,1560345608.4520307
11406,12429,1560345608.4520307
11407,12427,1560345608.4520307
11409,12424,1560345612.4520724
11411,12423,1560345612.4520724
11412,12420,1560345612.4520724
11411,12417,1560345612.4520724
11411,12414,1560345612.4520724
11410,12411,1560345612.4520724
11408,12408,1560345612.4520724
11406,12404,1560345612.4520724
11403,12400,1560345612.4520724
11399,12396,1560345612.4520724
11395,12391,1560345612.4520724
11390,12387,1560345612.4520724
11386,12383,1560345612.4520724
11382,12379,1560345612.4520724
11378,12375,1560345612.4520724
11374,12371,1560345612.4520724
11370,12366,1560345612.4520724
11366,12362,1560345612.4520724
11362,12358,1560345612.4520724
11357,12354,1560345612.4520724
11353,12350,1560345612.4520724
11349,12346,1560345612.4520724
11345,12342,1560345612.4520724
11341,12338,1560345612.4520724
11338,12334,1560345612.4520724
11333,12330,1560345612.4520724
11329,12326,1560345612.4520724
11325,12322,1560345612.4520724
11321,12318,1560345612.4520724
11317,12314,1560345612.4520724
11313,12310,1560345612.4520724
11309,12306,1560345612.4520724
11305,12302,1560345612.4520724
11301,12298,1560345612.4520724
11297,12294,1560345612.4520724
11294,12291,1560345612.4520724
11289,12286,1560345612.4520724
11285,12282,1560345612.4520724
11281,12279,1560345612.4520724
11277,12275,1560345612.4520724
11273,12270,1560345612.4520724
11269,12266,1560345612.4520724
11265,12262,1560345612.4520724
11261,12258,1560345612.4520724
11257,12254,1560345612.4520724
11252,12250,1560345612.4520724
11248,12246,1560345612.4520724
11245,12243,1560345612.4520724
11241,12239,1560345612.4520724
11236,12235,1560345612.4520724
11233,12231,1560345612.4520724
11229,12227,1560345612.4520724
11225,12223,1560345612.4520724
11221,12219,1560345612.4520724
11217,12215,1560345612.4520724
11212,12211,1560345612.4520724
11209,12206,1560345612.4520724
11205,12203,1560345612.4520724
11200,12199,1560345612.4520724
11197,12195,1560345612.4520724
11192,12191,1560345612.4520724
11188,12187,1560345612.4520724
11185,12182,1560345612.4520724
11181,12179,1560345612.4520724
11176,12175,1560345612.4520724
11172,12170,1560345612.4520724
11168,12166,1560345612.4520724
11164,12162,1560345612.4520724
11160,12158,1560345612.4520724
11156,12155,1560345612.4520724
11153,12151,1560345612.4520724
11148,12147,1560345612.4520724
11144,12143,1560345612.4520724
11141,12139,1560345612.4520724
11137,12135,1560345612.4520724
11132,12130,1560345612.4520724
11128,12127,1560345612.4520724
11125,12123,1560345612.4520724
11121,12119,1560345612.4520724
11116,12114,1560345612.4520724
11113,12110,1560345612.4520724
11109,12107,1560345612.4520724
11104,12102,1560345612.4520724
11100,12098,1560345612.4520724
11097,12094,1560345612.4520724
11092,12091,1560345612.4520724
11088,12087,1560345612.4520724
11085,12082,1560345612.4520724
11081,12078,1560345612.4520724
11077,12075,1560345612.4520724
11072,12071,1560345612.4520724
11068,12066,1560345612.4520724
11064,12062,1560345612.4520724
11060,12059,1560345612.4520724
11056,12054,1560345612.4520724
11053,12050,1560345612.4520724
11048,12047,1560345612.4520724
11044,12043,1560345612.4520724
11041,12039,1560345612.4520724
11037,12035,1560345612.4520724
11033,12031,1560345612.4520724
11028,12026,1560345612.4520724
11025,12022,1560345612.4520724
11020,12018,1560345612.4520724
11016,12014,1560345612.4520724
11013,12010,1560345612.4520724
11008,12006,1560345612.4520724
11004,12002,1560345612.4520724
11001,11998,1560345612.4520724
10997,11995,1560345612.4520724
10992,11991,1560345612.4520724
10988,11986,1560345612.4520724
10985,11982,1560345612.4520724
10981,11979,1560345612.4520724
10976,11975,1560345612.4520724
10972,11970,1560345612.4520724
10968,11967,1560345612.4520724
10964,11963,1560345612.4520724
10961,11958,1560345612.4520724
10957,11954,1560345612.4520724
10952,11950,1560345612.4520724
10949,11947,1560345612.4520724
10945,11942,1560345612.4520724
10940,11939,1560345612.4520724
10937,11935,1560345612.4520724
10933,11930,1560345612.4520724
10929,11926,1560345612.4520724
10925,11922,1560345612.4520724
10921,11918,1560345612.4520724
10916,11915,1560345612.4520724
10913,11910,1560345612.4520724
10909,11906,1560345612.4520724
10904,11903,1560345612.4520724
10900,11898,1560345612.4520724
10897,11895,1560345612.4520724
10893,11891,1560345612.4520724
10888,11886,1560345612.4520724
10885,11882,1560345612.4520724
10881,11878,1560345612.4520724
10877,11875,1560345612.4520724
10873,11870,1560345612.4520724
10869,11867,1560345612.4520724
10865,11863,1560345612.4520724
10861,11858,1560345612.4520724
10857,11855,1560345612.4520724
10853,11851,1560345612.4520724
10848,11846,1560345612.4520724
10844,11842,1560345612.4520724
10841,11838,1560345612.4520724
10836,11834,1560345612.4520724
10833,11830,1560345612.4520724
10829,11826,1560345612.4520724
10824,11822,1560345612.4520724
10820,11819,1560345612.4520724
10817,11815,1560345612.4520724
10813,11810,1560345612.4520724
10809,11806,1560345612.4520724
10805,11803,1560345612.4520724
10801,11798,1560345612.4520724
10796,11794,1560345612.4520724
10792,11791,1560345612.4520724
10788,11787,1560345612.4520724
10785,11782,1560345612.4520724
10780,11778,1560345612.4520724
10776,11774,1560345612.4520724
10773,11770,1560345612.4520724
10769,11766,1560345612.4520724
10764,11762,1560345612.4520724
10761,11758,1560345612.4520724
10757,11755,1560345612.4520724
10753,11750,1560345612.4520724
10749,11746,1560345612.4520724
10745,11743,1560345612.4520724
10740,11738,1560345612.4520724
10737,11734,1560345612.4520724
10732,11731,1560345612.4520724
10728,11727,1560345612.4520724
10724,11722,1560345612.4520724
10721,11719,1560345612.4520724
10716,11715,1560345612.4520724
10713,11711,1560345612.4520724
10709,11707,1560345612.4520724
10705,11703,1560345612.4520724
10700,11698,1560345612.4520724
10697,11694,1560345612.4520724
10693,11691,1560345612.4520724
10688,11687,1560345612.4520724
10685,11683,1560345612.4520724
10681,11678,1560345612.4520724
10677,11675,1560345612.4520724
10673,11671,1560345612.4520724
10669,11666,1560345612.4520724
10664,11662,1560345612.4520724
10660,11658,1560345612.4520724
10657,11654,1560345612.4520724
10652,11650,1560345612.4520724
10648,11646,1560345612.4520724
10645,11642,1560345612.4520724
10640,11639,1560345612.4520724
10636,11635,1560345612.4520724
10633,11631,1560345612.4520724
10629,11627,1560345612.4520724
10625,11622,1560345612.4520724
10621,11619,1560345612.4520724
10617,11615,1560345612.4520724
10612,11610,1560345612.4520724
10608,11607,1560345612.4520724
10604,11602,1560345612.4520724
10601,11598,1560345612.4520724
10597,11594,1560345612.4520724
10593,11591,1560345612.4520724
10588,11586,1560345612.4520724
10584,11582,1560345612.4520724
10581,11579,1560345612.4520724
10577,11574,1560345612.4520724
10572,11570,1560345612.4520724
10569,11566,1560345612.4520724
10565,11562,1560345612.4520724
10560,11558,1560345612.4520724
10556,11554,1560345612.4520724
10552,11550,1560345612.4520724
10549,11546,1560345612.4520724
10544,11542,1560345612.4520724
10540,11538,1560345612.4520724
10537,11535,1560345612.4520724
10532,11531,1560345612.4520724
10529,11526,1560345612.4520724
10525,11523,1560345612.4520724
10520,11518,1560345612.4520724
10516,11514,1560345612.4520724
10513,11510,1560345612.4520724
10508,11506,1560345612.4520724
10504,11502,1560345612.4520724
10501,11499,1560345612.4520724
10497,11494,1560345612.4520724
10493,11491,1560345612.4520724
10488,11487,1560345612.4520724
10484,11482,1560345612.4520724
10481,11478,1560345612.4520724
10476,11474,1560345612.4520724
10472,11470,1560345612.4520724
10468,11466,1560345612.4520724
10464,11463,1560345612.4520724
10460,11459,1560345612.4520724
10456,11454,1560345612.4520724
10452,11451,1560345612.4520724
10449,11447,1560345612.4520724
10445,11442,1560345612.4520724
10440,11438,1560345612.4520724
10437,11435,1560345612.4520724
10433,11430,1560345612.4520724
10428,11426,1560345612.4520724
10425,11423,1560345612.4520724
10421,11418,1560345612.4520724
10416,11414,1560345612.4520724
10412,11411,1560345612.4520724
10409,11406,1560345616.4520798
10404,11402,1560345616.4520798
10401,11399,1560345616.4520798
10397,11397,1560345616.4520798
10394,11398,1560345616.4520798
10392,11399,1560345616.4520798
10389,11398,1560345616.4520798
10388,11397,1560345616.4520798
10389,11397,1560345616.4520798
10389,11397,1560345616.4520798
10388,11398,1560345616.4520798
10387,11398,1560345616.4520798
10387,11399,1560345616.4520798
10387,11399,1560345616.4520798
10386,11400,1560345616.4520798
10385,11401,1560345616.4520798
10384,11402,1560345616.4520798
10384,11402,1560345616.4520798
10383,11404,1560345616.4520798
10381,11404,1560345616.4520798
10380,11405,1560345616.4520798
10380,11407,1560345616.4520798
10378,11407,1560345616.4520798
10377,11408,1560345616.4520798
10376,11409,1560345616.4520798
10375,11411,1560345616.4520798
10374,11412,1560345616.4520798
10373,11412,1560345616.4520798
10372,11414,1560345616.4520798
10371,11415,1560345616.4520798
10370,11416,1560345616.4520798
10369,11416,1560345616.4520798
10368,11418,1560345616.4520798
10367,11419,1560345616.4520798
10365,11420,1560345616.4520798
10364,11421,1560345616.4520798
10364,11422,1560345616.4520798
10362,11423,1560345616.4520798
10361,11423,1560345616.4520798
10360,11424,1560345616.4520798
10359,11426,1560345616.4520798
10358,11427,1560345616.4520798
10357,11427,1560345616.4520798
10356,11428,1560345616.4520798
10356,11430,1560345616.4520798
10355,11430,1560345616.4520798
10353,11431,1560345616.4520798
10352,11432,1560345616.4520798
10352,11433,1560345616.4520798
10350,11435,1560345616.4520798
10349,11435,1560345616.4520798
10348,11436,1560345616.4520798
10347,11438,1560345616.4520798
10346,11438,1560345616.4520798
10345,11439,1560345616.4520798
10344,11441,1560345616.4520798
10343,11442,1560345616.4520798
10342,11442,1560345616.4520798
10341,11444,1560345616.4520798
10340,11445,1560345616.4520798
10339,11446,1560345616.4520798
10338,11447,1560345616.4520798
10337,11448,1560345616.4520798
10336,11448,1560345616.4520798
10335,11450,1560345616.4520798
10334,11451,1560345616.4520798
10333,11451,1560345616.4520798
10332,11453,1560345616.4520798
10331,11454,1560345616.4520798
10330,11454,1560345616.4520798
10329,11455,1560345616.4520798
10327,11457,1560345616.4520798
10327,11457,1560345616.4520798
10326,11458,1560345616.4520798
10325,11459,1560345616.4520798
10324,11460,1560345616.4520798
10323,11461,1560345616.4520798
10322,11462,1560345616.4520798
10321,11463,1560345616.4520798
10319,11464,1560345616.4520798
10319,11466,1560345616.4520798
10318,11467,1560345616.4520798
10316,11467,1560345616.4520798
10316,11468,1560345616.4520798
10315,11469,1560345616.4520798
10314,11470,1560345616.4520798
10313,11471,1560345616.4520798
10312,11472,1560345616.4520798
10311,11473,1560345616.4520798
10310,11475,1560345616.4520798
10309,11476,1560345616.4520798
10307,11477,1560345616.4520798
10306,11478,1560345616.4520798
10305,11480,1560345616.4520798
10304,11481,1560345616.4520798
10304,11481,1560345616.4520798
10303,11482,1560345616.4520798
10301,11483,1560345616.4520798
10300,11484,1560345616.4520798
10300,11485,1560345616.4520798
10299,11486,1560345616.4520798
10298,11487,1560345616.4520798
10297,11488,1560345616.4520798
10296,11488,1560345616.4520798
10295,11490,1560345616.4520798
10294,11491,1560345616.4520798
10293,11492,1560345616.4520798
10292,11493,1560345616.4520798
10291,11494,1560345616.4520798
10290,11495,1560345616.4520798
10288,11496,1560345616.4520798
10288,11497,1560345616.4520798
10287,11499,1560345616.4520798
10285,11500,1560345616.4520798
10284,11500,1560345616.4520798
10284,11502,1560345616.4520798
10283,11503,1560345616.4520798
10281,11503,1560345616.4520798
10280,11504,1560345616.4520798
10280,11505,1560345616.4520798
10279,11506,1560345616.4520798
10278,11507,1560345616.4520798
10277,11508,1560345616.4520798
10276,11509,1560345616.4520798
10275,11510,1560345616.4520798
10274,11511,1560345616.4520798
10273,11512,1560345616.4520798
10272,11513,1560345616.4520798
10271,11514,1560345616.4520798
10270,11515,1560345616.4520798
10269,11516,1560345616.4520798
10268,11517,1560345616.4520798
10267,11518,1560345616.4520798
10266,11520,1560345616.4520798
10265,11520,1560345616.4520798
10264,11521,1560345616.4520798
10263,11523,1560345616.4520798
10262,11523,1560345616.4520798
10261,11524,1560345616.4520798
10260,11525,1560345616.4520798
10260,11527,1560345616.4520798
10259,11527,1560345616.4520798
10257,11528,1560345616.4520798
10256,11529,1560345616.4520798
10256,11530,1560345616.4520798
10255,11531,1560345616.4520798
10253,11532,1560345616.4520798
10253,11533,1560345616.4520798
10252,11534,1560345616.4520798
10250,11535,1560345616.4520798
10249,11536,1560345616.4520798
10249,11537,1560345616.4520798
10247,11538,1560345616.4520798
10246,11539,1560345616.4520798
10245,11540,1560345616.4520798
10245,11541,1560345616.4520798
10243,11542,1560345616.4520798
10242,11544,1560345616.4520798
10241,11544,1560345616.4520798
10240,11546,1560345616.4520798
10239,11547,1560345616.4520798
10238,11548,1560345616.4520798
10237,11549,1560345616.4520798
10236,11550,1560345616.4520798
10235,11551,1560345616.4520798
10233,11552,1560345616.4520798
10232,11553,1560345616.4520798
10232,11554,1560345616.4520798
10231,11555,1560345616.4520798
10229,11556,1560345616.4520798
10228,11557,1560345616.4520798
10228,11558,1560345616.4520798
10227,11558,1560345616.4520798
10226,11559,1560345616.4520798
10225,11560,1560345616.4520798
10225,11561,1560345616.4520798
10224,11562,1560345616.4520798
10222,11563,1560345616.4520798
10221,11564,1560345616.4520798
10220,11565,1560345616.4520798
10219,11566,1560345616.4520798
10218,11568,1560345616.4520798
10217,11568,1560345616.4520798
10216,11570,1560345616.4520798
10215,11571,1560345616.4520798
10214,11571,1560345616.4520798
10213,11572,1560345616.4520798
10212,11574,1560345616.4520798
10211,11575,1560345616.4520798
10210,11575,1560345616.4520798
10209,11576,1560345616.4520798
10208,11578,1560345616.4520798
10207,11579,1560345616.4520798
10206,11579,1560345616.4520798
10205,11580,1560345616.4520798
10204,11582,1560345616.4520798
10204,11582,1560345616.4520798
10202,11583,1560345616.4520798
10201,11584,1560345616.4520798
10201,11585,1560345616.4520798
10200,11586,1560345616.4520798
10198,11587,1560345616.4520798
10197,11588,1560345616.4520798
10197,11589,1560345616.4520798
10195,11591,1560345616.4520798
10194,11591,1560345616.4520798
10193,11592,1560345616.4520798
10192,11594,1560345616.4520798
10191,11595,1560345616.4520798
10190,11595,1560345616.4520798
10189,11596,1560345616.4520798
10188,11598,1560345616.4520798
10187,11599,1560345616.4520798
10186,11599,1560345616.4520798
10185,11600,1560345616.4520798
10184,11602,1560345616.4520798
10183,11603,1560345616.4520798
10182,11603,1560345616.4520798
10181,11604,1560345616.4520798
10180,11606,1560345616.4520798
10179,11607,1560345616.4520798
10178,11607,1560345616.4520798
10177,11608,1560345616.4520798
10176,11609,1560345616.4520798
10175,11610,1560345616.4520798
10175,11611,1560345616.4520798
10173,11612,1560345616.4520798
10172,11613,1560345616.4520798
10171,11614,1560345616.4520798
10171,11615,1560345616.4520798
10169,11616,1560345616.4520798
10168,11618,1560345616.4520798
10167,11619,1560345616.4520798
10166,11619,1560345616.4520798
10165,11620,1560345616.4520798
10164,11622,1560345616.4520798
10164,11622,1560345616.4520798
10163,11623,1560345616.4520798
10161,11625,1560345616.4520798
10160,11625,1560345616.4520798
10159,11627,1560345616.4520798
10158,11628,1560345616.4520798
10157,11628,1560345616.4520798
10157,11629,1560345616.4520798
10156,11630,1560345616.4520798
10155,11631,1560345616.4520798
10154,11632,1560345616.4520798
10153,11633,1560345616.4520798
10151,11635,1560345616.4520798
10150,11636,1560345616.4520798
10149,11636,1560345616.4520798
10148,11638,1560345616.4520798
10147,11639,1560345616.4520798
10146,11640,1560345616.4520798
10145,11641,1560345616.4520798
10144,11642,1560345616.4520798
10143,11643,1560345620.4520922
10142,11644,1560345620.4520922
10142,11645,1560345620.4520922
10142,11647,1560345620.4520922
10143,11649,1560345620.4520922
10144,11651,1560345620.4520922
10145,11654,1560345620.4520922
10147,11657,1560345620.4520922
10149,11660,1560345620.4520922
10152,11663,1560345620.4520922
10155,11666,1560345620.4520922
10159,11669,1560345620.4520922
10162,11672,1560345620.4520922
10165,11675,1560345620.4520922
10168,11678,1560345620.4520922
10171,11681,1560345620.4520922
10174,11684,1560345620.4520922
10177,11687,1560345620.4520922
10180,11691,1560345620.4520922
10183,11693,1560345620.4520922
10186,11696,1560345620.4520922
10189,11700,1560345620.4520922
10192,11703,1560345620.4520922
10195,11706,1560345620.4520922
10198,11709,1560345620.4520922
10202,11711,1560345620.4520922
10205,11715,1560345620.4520922
10207,11718,1560345620.4520922
10211,11720,1560345620.4520922
10214,11723,1560345620.4520922
10217,11727,1560345620.4520922
10219,11730,1560345620.4520922
10222,11733,1560345620.4520922
10225,11736,1560345620.4520922
10229,11739,1560345620.4520922
10231,11742,1560345620.4520922
10235,11745,1560345620.4520922
10237,11748,1560345620.4520922
10240,11751,1560345620.4520922
10243,11754,1560345620.4520922
10246,11757,1560345620.4520922
10249,11760,1560345620.4520922
10252,11763,1560345620.4520922
10255,11766,1560345620.4520922
10259,11769,1560345620.4520922
10261,11772,1560345620.4520922
10264,11775,1560345620.4520922
10268,11778,1560345620.4520922
10271,11781,1560345620.4520922
10273,11783,1560345620.4520922
10276,11787,1560345620.4520922
10280,11790,1560345620.4520922
10283,11792,1560345620.4520922
10285,11795,1560345620.4520922
10288,11798,1560345620.4520922
10292,11801,1560345620.4520922
10295,11804,1560345620.4520922
10298,11808,1560345620.4520922
10301,11811,1560345620.4520922
10303,11813,1560345620.4520922
10307,11817,1560345620.4520922
10310,11819,1560345620.4520922
10313,11822,1560345620.4520922
10315,11825,1560345620.4520922
10318,11828,1560345620.4520922
10321,11831,1560345620.4520922
10324,11834,1560345620.4520922
10327,11837,1560345620.4520922
10331,11841,1560345620.4520922
10334,11844,1560345620.4520922
10337,11847,1560345620.4520922
10340,11850,1560345620.4520922
10343,11853,1560345620.4520922
10346,11856,1560345620.4520922
10349,11858,1560345620.4520922
10351,11861,1560345620.4520922
10355,11864,1560345620.4520922
10357,11867,1560345620.4520922
10360,11870,1560345620.4520922
10364,11873,1560345620.4520922
10367,11877,1560345620.4520922
10370,11880,1560345620.4520922
10373,11882,1560345620.4520922
10376,11886,1560345620.4520922
10379,11889,1560345620.4520922
10381,11892,1560345620.4520922
10385,11894,1560345620.4520922
10388,11897,1560345620.4520922
10391,11901,1560345620.4520922
10394,11903,1560345620.4520922
10397,11906,1560345620.4520922
10400,11910,1560345620.4520922
10403,11913,1560345620.4520922
10405,11916,1560345620.4520922
10409,11919,1560345620.4520922
10412,11921,1560345620.4520922
10415,11924,1560345620.4520922
10418,11928,1560345620.4520922
10420,11930,1560345620.4520922
10423,11933,1560345620.4520922
10426,11937,1560345620.4520922
10429,11940,1560345620.4520922
10433,11942,1560345620.4520922
10436,11945,1560345620.4520922
10439,11949,1560345620.4520922
10442,11952,1560345620.4520922
10445,11954,1560345620.4520922
10447,11957,1560345620.4520922
10450,11961,1560345620.4520922
10454,11964,1560345620.4520922
10457,11966,1560345620.4520922
10459,11969,1560345620.4520922
10463,11973,1560345620.4520922
10466,11975,1560345620.4520922
10469,11978,1560345620.4520922
10472,11982,1560345620.4520922
10475,11985,1560345620.4520922
10477,11988,1560345620.4520922
10481,11990,1560345620.4520922
10484,11994,1560345620.4520922
10487,11996,1560345620.4520922
10490,11999,1560345620.4520922
10492,12003,1560345620.4520922
10496,12005,1560345620.4520922
10499,12009,1560345620.4520922
10501,12012,1560345620.4520922
10504,12014,1560345620.4520922
10507,12017,1560345620.4520922
10511,12021,1560345620.4520922
10514,12024,1560345620.4520922
10517,12026,1560345620.4520922
10520,12030,1560345620.4520922
10523,12033,1560345620.4520922
10526,12036,1560345620.4520922
10529,12038,1560345620.4520922
10532,12042,1560345620.4520922
10535,12044,1560345620.4520922
10538,12047,1560345620.4520922
10541,12050,1560345620.4520922
10544,12053,1560345620.4520922
10547,12056,1560345620.4520922
10550,12060,1560345620.4520922
10553,12063,1560345620.4520922
10556,12066,1560345620.4520922
10559,12069,1560345620.4520922
10562,12071,1560345620.4520922
10565,12074,1560345620.4520922
10568,12077,1560345620.4520922
10571,12080,1560345620.4520922
10573,12083,1560345620.4520922
10577,12087,1560345620.4520922
10579,12090,1560345620.4520922
10582,12093,1560345620.4520922
10586,12096,1560345620.4520922
10589,12098,1560345620.4520922
10592,12102,1560345620.4520922
10595,12105,1560345620.4520922
10598,12107,1560345620.4520922
10601,12111,1560345620.4520922
10603,12114,1560345620.4520922
10606,12117,1560345620.4520922
10609,12120,1560345620.4520922
10613,12122,1560345620.4520922
10616,12125,1560345620.4520922
10619,12129,1560345620.4520922
10622,12131,1560345620.4520922
10625,12135,1560345620.4520922
10628,12138,1560345620.4520922
10631,12141,1560345620.4520922
10634,12144,1560345620.4520922
10637,12147,1560345620.4520922
10640,12150,1560345620.4520922
10643,12153,1560345620.4520922
10646,12155,1560345620.4520922
10649,12159,1560345620.4520922
10651,12162,1560345620.4520922
10654,12165,1560345620.4520922
10657,12168,1560345620.4520922
10661,12171,1560345620.4520922
10664,12174,1560345620.4520922
10667,12177,1560345620.4520922
10669,12180,1560345620.4520922
10673,12183,1560345620.4520922
10676,12185,1560345620.4520922
10679,12188,1560345620.4520922
10681,12191,1560345620.4520922
10684,12194,1560345620.4520922
10687,12197,1560345620.4520922
10690,12200,1560345620.4520922
10694,12203,1560345620.4520922
10697,12206,1560345620.4520922
10700,12209,1560345620.4520922
10703,12213,1560345620.4520922
10706,12216,1560345620.4520922
10709,12218,1560345620.4520922
10712,12222,1560345620.4520922
10715,12225,1560345620.4520922
10718,12227,1560345620.4520922
10721,12230,1560345620.4520922
10724,12233,1560345620.4520922
10727,12236,1560345620.4520922
10730,12240,1560345620.4520922
10733,12243,1560345620.4520922
10736,12246,1560345620.4520922
10739,12249,1560345620.4520922
10742,12252,1560345620.4520922
10745,12255,1560345620.4520922
10748,12257,1560345620.4520922
10751,12261,1560345620.4520922
10754,12264,1560345620.4520922
10756,12266,1560345620.4520922
10760,12270,1560345620.4520922
10763,12273,1560345620.4520922
10765,12275,1560345620.4520922
10769,12278,1560345620.4520922
10772,12281,1560345620.4520922
10775,12284,1560345620.4520922
10778,12287,1560345620.4520922
10781,12291,1560345620.4520922
10784,12294,1560345620.4520922
10787,12297,1560345620.4520922
10790,12300,1560345620.4520922
10793,12303,1560345620.4520922
10796,12305,1560345620.4520922
10799,12308,1560345620.4520922
10802,12311,1560345620.4520922
10804,12314,1560345620.4520922
10807,12318,1560345620.4520922
10811,12321,1560345620.4520922
10813,12323,1560345620.4520922
10816,12327,1560345620.4520922
10820,12330,1560345620.4520922
10823,12332,1560345620.4520922
10826,12335,1560345620.4520922
10829,12339,1560345620.4520922
10831,12342,1560345620.4520922
10835,12344,1560345620.4520922
10837,12348,1560345620.4520922
10840,12351,1560345620.4520922
10844,12354,1560345620.4520922
10847,12357,1560345620.4520922
10850,12359,1560345620.4520922
10853,12363,1560345620.4520922
10855,12366,1560345620.4520922
10858,12368,1560345620.4520922
10861,12371,1560345620.4520922
10864,12374,1560345620.4520922
10867,12377,1560345620.4520922
10870,12380,1560345620.4520922
10873,12383,1560345620.4520922
10877,12387,1560345620.4520922
10880,12390,1560345620.4520922
10883,12393,1560345620.4520922
10886,12396,1560345620.4520922
10889,12399,1560345620.4520922
10892,12402,1560345620.4520922
10895,12404,1560345624.4521203
10898,12407,1560345624.4521203
10899,12410,1560345624.4521203
10898,12413,1560345624.4521203
10898,12415,1560345624.4521203
10898,12417,1560345624.4521203
10897,12420,1560345624.4521203
10897,12422,1560345624.4521203
10896,12424,1560345624.4521203
10895,12426,1560345624.4521203
10894,12428,1560345624.4521203
10892,12430,1560345624.4521203
10891,12432,1560345624.4521203
10889,12433,1560345624.4521203
10887,12435,1560345624.4521203
10885,12437,1560345624.4521203
10883,12439,1560345624.4521203
10881,12441,1560345624.4521203
10879,12444,1560345624.4521203
10878,12446,1560345624.4521203
10876,12447,1560345624.4521203
10873,12450,1560345624.4521203
10872,12451,1560345624.4521203
10870,12453,1560345624.4521203
10867,12456,1560345624.4521203
10865,12458,1560345624.4521203
10863,12459,1560345624.4521203
10861,12462,1560345624.4521203
10859,12464,1560345624.4521203
10857,12466,1560345624.4521203
10855,12468,1560345624.4521203
10853,12470,1560345624.4521203
10851,12472,1560345624.4521203
10849,12474,1560345624.4521203
10847,12476,1560345624.4521203
10845,12478,1560345624.4521203
10843,12480,1560345624.4521203
10842,12482,1560345624.4521203
10839,12484,1560345624.4521203
10837,12486,1560345624.4521203
10835,12487,1560345624.4521203
10833,12490,1560345624.4521203
10831,12492,1560345624.4521203
10829,12493,1560345624.4521203
10827,12496,1560345624.4521203
10825,12498,1560345624.4521203
10823,12500,1560345624.4521203
10821,12502,1560345624.4521203
10818,12504,1560345624.4521203
10817,12506,1560345624.4521203
10815,12508,1560345624.4521203
10812,12510,1560345624.4521203
10811,12512,1560345624.4521203
10809,12514,1560345624.4521203
10806,12516,1560345624.4521203
10804,12518,1560345624.4521203
10803,12520,1560345624.4521203
10801,12522,1560345624.4521203
10798,12524,1560345624.4521203
10797,12526,1560345624.4521203
10795,12528,1560345624.4521203
10792,12530,1560345624.4521203
10790,12532,1560345624.4521203
10789,12534,1560345624.4521203
10787,12536,1560345624.4521203
10785,12538,1560345624.4521203
10783,12540,1560345624.4521203
10781,12542,1560345624.4521203
10778,12544,1560345624.4521203
10777,12546,1560345624.4521203
10775,12548,1560345624.4521203
10772,12549,1560345624.4521203
10771,12552,1560345624.4521203
10769,12553,1560345624.4521203
10767,12555,1560345624.4521203
10765,12557,1560345624.4521203
10763,12559,1560345624.4521203
10761,12561,1560345624.4521203
10759,12564,1560345624.4521203
10757,12566,1560345624.4521203
10755,12568,1560345624.4521203
10753,12570,1560345624.4521203
10750,12572,1560345624.4521203
10748,12574,1560345624.4521203
10747,12576,1560345624.4521203
10745,12578,1560345624.4521203
10742,12580,1560345624.4521203
10740,12582,1560345624.4521203
10739,12584,1560345624.4521203
10736,12586,1560345624.4521203
10734,12588,1560345624.4521203
10732,12590,1560345624.4521203
10730,12592,1560345624.4521203
10729,12593,1560345624.4521203
10726,12596,1560345624.4521203
10724,12598,1560345624.4521203
10723,12599,1560345624.4521203
10721,12601,1560345624.4521203
10718,12604,1560345624.4521203
10716,12605,1560345624.4521203
10715,12607,1560345624.4521203
10713,12610,1560345624.4521203
10710,12612,1560345624.4521203
10708,12614,1560345624.4521203
10707,12616,1560345624.4521203
10705,12618,1560345624.4521203
10702,12620,1560345624.4521203
10700,12622,1560345624.4521203
10699,12623,1560345624.4521203
10697,12625,1560345624.4521203
10694,12628,1560345624.4521203
10693,12629,1560345624.4521203
10691,12631,1560345624.4521203
10688,12634,1560345624.4521203
10686,12636,1560345624.4521203
10684,12638,1560345624.4521203
10682,12640,1560345624.4521203
10680,12642,1560345624.4521203
10678,12644,1560345624.4521203
10677,12646,1560345624.4521203
10674,12648,1560345624.4521203
10673,12649,1560345624.4521203
10671,12651,1560345624.4521203
10668,12654,1560345624.4521203
10666,12656,1560345624.4521203
10664,12657,1560345624.4521203
10663,12660,1560345624.4521203
10660,12662,1560345624.4521203
10658,12664,1560345624.4521203
10656,12666,1560345624.4521203
10654,12668,1560345624.4521203
10652,12670,1560345624.4521203
10650,12672,1560345624.4521203
10649,12674,1560345624.4521203
10646,12676,1560345624.4521203
10644,12678,1560345624.4521203
10642,12680,1560345624.4521203
10640,12682,1560345624.4521203
10638,12684,1560345624.4521203
10636,12686,1560345624.4521203
10635,12688,1560345624.4521203
10632,12690,1560345624.4521203
10630,12691,1560345624.4521203
10629,12693,1560345624.4521203
10627,12696,1560345624.4521203
10624,12697,1560345624.4521203
10622,12699,1560345624.4521203
10621,12701,1560345624.4521203
10619,12703,1560345624.4521203
10616,12705,1560345624.4521203
10614,12707,1560345624.4521203
10613,12710,1560345624.4521203
10610,12711,1560345624.4521203
10609,12713,1560345624.4521203
10607,12716,1560345624.4521203
10605,12717,1560345624.4521203
10602,12719,1560345624.4521203
10601,12721,1560345624.4521203
10598,12723,1560345624.4521203
10596,12726,1560345624.4521203
10594,12728,1560345624.4521203
10592,12730,1560345624.4521203
10590,12731,1560345624.4521203
10588,12734,1560345624.4521203
10586,12735,1560345624.4521203
10585,12737,1560345624.4521203
10582,12740,1560345624.4521203
10580,12742,1560345624.4521203
10579,12743,1560345624.4521203
10576,12746,1560345624.4521203
10574,12748,1560345624.4521203
10572,12750,1560345624.4521203
10570,12752,1560345624.4521203
10568,12754,1560345624.4521203
10566,12756,1560345624.4521203
10564,12758,1560345624.4521203
10562,12760,1560345624.4521203
10560,12762,1560345624.4521203
10558,12764,1560345624.4521203
10556,12766,1560345624.4521203
10554,12768,1560345624.4521203
10552,12770,1560345624.4521203
10550,12772,1560345624.4521203
10548,12774,1560345624.4521203
10546,12776,1560345624.4521203
10544,12778,1560345624.4521203
10542,12780,1560345624.4521203
10541,12781,1560345624.4521203
10538,12784,1560345624.4521203
10536,12785,1560345624.4521203
10535,12787,1560345624.4521203
10533,12790,1560345624.4521203
10530,12792,1560345624.4521203
10528,12793,1560345624.4521203
10526,12796,1560345624.4521203
10525,12798,1560345624.4521203
10522,12799,1560345624.4521203
10520,12801,1560345624.4521203
10518,12804,1560345624.4521203
10516,12805,1560345624.4521203
10515,12807,1560345624.4521203
10512,12810,1560345624.4521203
10510,12812,1560345624.4521203
10508,12814,1560345624.4521203
10506,12816,1560345624.4521203
10505,12818,1560345624.4521203
10502,12820,1560345624.4521203
10500,12821,1560345624.4521203
10498,12824,1560345624.4521203
10496,12825,1560345624.4521203
10494,12828,1560345624.4521203
10492,12829,1560345624.4521203
10490,12832,1560345624.4521203
10488,12834,1560345624.4521203
10486,12835,1560345624.4521203
10484,12838,1560345624.4521203
10482,12840,1560345624.4521203
10481,12842,1560345624.4521203
10478,12844,1560345624.4521203
10476,12846,1560345624.4521203
10474,12847,1560345624.4521203
10472,12850,1560345624.4521203
10470,12852,1560345624.4521203
10468,12853,1560345624.4521203
10466,12856,1560345624.4521203
10464,12858,1560345624.4521203
10462,12860,1560345624.4521203
10460,12862,1560345624.4521203
10458,12864,1560345624.4521203
10456,12865,1560345624.4521203
10455,12867,1560345624.4521203
10452,12869,1560345624.4521203
10451,12871,1560345624.4521203
10449,12873,1560345624.4521203
10447,12875,1560345624.4521203
10445,12877,1560345624.4521203
10442,12879,1560345624.4521203
10440,12881,1560345624.4521203
10438,12883,1560345624.4521203
10436,12886,1560345624.4521203
10434,12888,1560345624.4521203
10432,12890,1560345624.4521203
10430,12892,1560345624.4521203
10428,12894,1560345624.4521203
10426,12896,1560345624.4521203
10425,12897,1560345624.4521203
10422,12899,1560345624.4521203
10420,12902,1560345624.4521203
10418,12903,1560345624.4521203
10417,12905,1560345624.4521203
10414,12907,1560345624.4521203
10412,12910,1560345624.4521203
10410,12912,1560345624.4521203
10408,12913,1560345624.4521203
10406,12916,1560345624.4521203
10404,12918,1560345624.4521203
10402,12920,1560345628.4521604
10400,12922,1560345628.4521604
10400,12924,1560345628.4521604
10400,12927,1560345628.4521604
10400,12930,1560345628.4521604
10401,12933,1560345628.4521604
10404,12936,1560345628.4521604
10407,12940,1560345628.4521604
10410,12945,1560345628.4521604
10414,12949,1560345628.4521604
10418,12952,1560345628.4521604
10422,12957,1560345628.4521604
10426,12961,1560345628.4521604
10430,12965,1560345628.4521604
10434,12969,1560345628.4521604
10438,12974,1560345628.4521604
10442,12978,1560345628.4521604
10447,12982,1560345628.4521604
10451,12986,1560345628.4521604
10455,12990,1560345628.4521604
10459,12994,1560345628.4521604
10463,12998,1560345628.4521604
10467,13002,1560345628.4521604
10471,13006,1560345628.4521604
10475,13010,1560345628.4521604
10479,13014,1560345628.4521604
10483,13018,1560345628.4521604
10487,13022,1560345628.4521604
10491,13026,1560345628.4521604
10494,13030,1560345628.4521604
10499,13034,1560345628.4521604
10503,13038,1560345628.4521604
10506,13042,1560345628.4521604
10511,13046,1560345628.4521604
10515,13050,1560345628.4521604
10519,13053,1560345628.4521604
10523,13058,1560345628.4521604
10527,13062,1560345628.4521604
10531,13065,1560345628.4521604
10535,13069,1560345628.4521604
10539,13073,1560345628.4521604
10543,13077,1560345628.4521604
10547,13081,1560345628.4521604
10551,13086,1560345628.4521604
10556,13090,1560345628.4521604
10560,13094,1560345628.4521604
10564,13098,1560345628.4521604
10568,13102,1560345628.4521604
10571,13106,1560345628.4521604
10576,13109,1560345628.4521604
10579,13113,1560345628.4521604
10583,13118,1560345628.4521604
10587,13121,1560345628.4521604
10591,13125,1560345628.4521604
10596,13130,1560345628.4521604
10600,13134,1560345628.4521604
10603,13137,1560345628.4521604
10608,13142,1560345628.4521604
10611,13146,1560345628.4521604
10615,13149,1560345628.4521604
10620,13153,1560345628.4521604
10624,13158,1560345628.4521604
10628,13162,1560345628.4521604
10632,13165,1560345628.4521604
10635,13170,1560345628.4521604
10640,13174,1560345628.4521604
10644,13178,1560345628.4521604
10648,13182,1560345628.4521604
10651,13186,1560345628.4521604
10655,13190,1560345628.4521604
10659,13194,1560345628.4521604
10664,13198,1560345628.4521604
10667,13201,1560345628.4521604
10671,13205,1560345628.4521604
10676,13209,1560345628.4521604
10679,13213,1560345628.4521604
10683,13217,1560345628.4521604
10687,13222,1560345628.4521604
10691,13226,1560345628.4521604
10696,13229,1560345628.4521604
10699,13234,1560345628.4521604
10703,13238,1560345628.4521604
10708,13241,1560345628.4521604
10712,13246,1560345628.4521604
10715,13249,1560345628.4521604
10719,13253,1560345628.4521604
10723,13257,1560345628.4521604
10728,13262,1560345628.4521604
10732,13266,1560345628.4521604
10736,13270,1560345628.4521604
10740,13274,1560345628.4521604
10744,13278,1560345628.4521604
10748,13282,1560345628.4521604
10752,13286,1560345628.4521604
10755,13290,1560345628.4521604
10759,13293,1560345628.4521604
10763,13297,1560345628.4521604
10768,13301,1560345628.4521604
10771,13305,1560345628.4521604
10776,13309,1560345628.4521604
10780,13313,1560345628.4521604
10784,13318,1560345628.4521604
10788,13322,1560345628.4521604
10792,13326,1560345628.4521604
10795,13329,1560345628.4521604
10800,13333,1560345628.4521604
10804,13337,1560345628.4521604
10807,13342,1560345628.4521604
10811,13345,1560345628.4521604
10815,13350,1560345628.4521604
10820,13354,1560345628.4521604
10823,13358,1560345628.4521604
10827,13361,1560345628.4521604
10832,13366,1560345628.4521604
10835,13370,1560345628.4521604
10839,13374,1560345628.4521604
10843,13377,1560345628.4521604
10848,13382,1560345628.4521604
10852,13385,1560345628.4521604
10855,13390,1560345628.4521604
10859,13393,1560345628.4521604
10864,13397,1560345628.4521604
10867,13402,1560345628.4521604
10871,13406,1560345628.4521604
10876,13409,1560345628.4521604
10880,13414,1560345628.4521604
10883,13417,1560345628.4521604
10888,13422,1560345628.4521604
10892,13426,1560345628.4521604
10895,13429,1560345628.4521604
10899,13433,1560345628.4521604
10904,13437,1560345628.4521604
10907,13441,1560345628.4521604
10911,13445,1560345628.4521604
10915,13450,1560345628.4521604
10920,13454,1560345628.4521604
10924,13458,1560345628.4521604
10927,13462,1560345628.4521604
10932,13466,1560345628.4521604
10935,13470,1560345628.4521604
10939,13473,1560345628.4521604
10943,13477,1560345628.4521604
10948,13482,1560345628.4521604
10951,13485,1560345628.4521604
10956,13489,1560345628.4521604
10960,13494,1560345628.4521604
10964,13498,1560345628.4521604
10967,13502,1560345628.4521604
10972,13506,1560345628.4521604
10976,13509,1560345628.4521604
10980,13513,1560345628.4521604
10984,13518,1560345628.4521604
10987,13521,1560345628.4521604
10991,13525,1560345628.4521604
10995,13530,1560345628.4521604
10999,13534,1560345628.4521604
11004,13538,1560345628.4521604
11008,13542,1560345628.4521604
11011,13545,1560345628.4521604
11015,13550,1560345628.4521604
11020,13554,1560345628.4521604
11024,13558,1560345628.4521604
11027,13561,1560345628.4521604
11032,13566,1560345628.4521604
11036,13570,1560345628.4521604
11039,13573,1560345628.4521604
11044,13577,1560345628.4521604
11048,13582,1560345628.4521604
11052,13585,1560345628.4521604
11056,13589,1560345628.4521604
11059,13594,1560345628.4521604
11064,13598,1560345628.4521604
11068,13602,1560345628.4521604
11072,13606,1560345628.4521604
11076,13610,1560345628.4521604
11080,13614,1560345628.4521604
11083,13617,1560345628.4521604
11087,13621,1560345628.4521604
11091,13625,1560345628.4521604
11096,13630,1560345628.4521604
11100,13634,1560345628.4521604
11103,13637,1560345628.4521604
11108,13642,1560345628.4521604
11112,13646,1560345628.4521604
11116,13649,1560345628.4521604
11120,13654,1560345628.4521604
11123,13658,1560345628.4521604
11128,13661,1560345628.4521604
11132,13666,1560345628.4521604
11136,13670,1560345628.4521604
11140,13673,1560345628.4521604
11143,13678,1560345628.4521604
11148,13682,1560345628.4521604
11152,13686,1560345628.4521604
11156,13690,1560345628.4521604
11160,13694,1560345628.4521604
11164,13698,1560345628.4521604
11167,13702,1560345628.4521604
11172,13706,1560345628.4521604
11176,13710,1560345628.4521604
11180,13713,1560345628.4521604
11184,13717,1560345628.4521604
11187,13721,1560345628.4521604
11191,13725,1560345628.4521604
11196,13730,1560345628.4521604
11199,13734,1560345628.4521604
11204,13737,1560345628.4521604
11208,13742,1560345628.4521604
11212,13746,1560345628.4521604
11216,13750,1560345628.4521604
11219,13754,1560345628.4521604
11224,13758,1560345628.4521604
11228,13761,1560345628.4521604
11232,13766,1560345628.4521604
11236,13770,1560345628.4521604
11240,13774,1560345628.4521604
11243,13778,1560345628.4521604
11248,13782,1560345628.4521604
11252,13786,1560345628.4521604
11255,13790,1560345628.4521604
11259,13794,1560345628.4521604
11263,13798,1560345628.4521604
11267,13802,1560345628.4521604
11271,13805,1560345628.4521604
11275,13809,1560345628.4521604
11280,13814,1560345628.4521604
11284,13817,1560345628.4521604
11288,13821,1560345628.4521604
11292,13826,1560345628.4521604
11296,13830,1560345628.4521604
11300,13834,1560345628.4521604
11304,13838,1560345628.4521604
11308,13841,1560345628.4521604
11312,13845,1560345628.4521604
11316,13849,1560345628.4521604
11320,13854,1560345628.4521604
11324,13857,1560345628.4521604
11327,13861,1560345628.4521604
11332,13866,1560345628.4521604
11336,13870,1560345628.4521604
11340,13873,1560345628.4521604
11344,13877,1560345628.4521604
11347,13882,1560345628.4521604
11352,13886,1560345628.4521604
11356,13890,1560345628.4521604
11360,13893,1560345628.4521604
11364,13898,1560345628.4521604
11368,13902,1560345628.4521604
11371,13906,1560345628.4521604
11376,13910,1560345628.4521604
11380,13914,1560345628.4521604
11384,13918,1560345628.4521604
11387,13922,1560345628.4521604
11392,13925,1560345628.4521604
11396,13930,1560345628.4521604
11400,13934,1560345628.4521604
