0.022063493728637695,1,1
0.03767061233520508,1,1
0.05333662033081055,2,2
0.06893110275268555,4,4
0.08453726768493652,7,7
0.10015583038330078,10,10
0.1158289909362793,14,15
0.13143157958984375,19,20
0.14703726768493652,24,25
0.16270041465759277,29,30
0.178239107131958,34,35
0.19391369819641113,39,39
0.20954012870788574,44,44
0.22511792182922363,48,49
0.24074602127075195,52,53
0.2563021183013916,56,58
0.2719764709472656,60,62
0.28760766983032227,64,66
0.30323314666748047,68,70
0.31887269020080566,72,74
0.33440065383911133,76,78
0.3500347137451172,80,82
0.3656494617462158,84,86
0.38129210472106934,88,89
0.3969271183013916,93,93
0.4124891757965088,97,97
0.4281630516052246,101,101
0.4437565803527832,106,105
0.45937395095825195,110,109
0.4750189781188965,115,113
0.49054694175720215,119,117
0.5062055587768555,123,121
0.5218143463134766,128,125
0.5374598503112793,132,129
0.5530548095703125,136,134
0.5686843395233154,140,138
0.5842430591583252,145,141
0.599933385848999,149,145
0.6155617237091064,153,149
0.6311976909637451,157,154
0.646761417388916,162,158
0.6623756885528564,166,162
0.6780071258544922,171,166
0.6936242580413818,175,171
0.7092461585998535,179,175
0.7248494625091553,184,180
0.7403969764709473,188,184
0.7560751438140869,192,188
0.7716882228851318,196,193
0.7873232364654541,201,197
0.802924394607544,205,201
0.8184881210327148,209,206
0.8341550827026367,213,210
0.8497700691223145,217,214
0.8653836250305176,221,218
0.8810045719146729,225,222
0.8965964317321777,229,226
0.9121782779693604,233,230
0.9278645515441895,237,234
0.9434487819671631,241,238
0.9590795040130615,245,241
0.9747278690338135,249,245
0.9902763366699219,253,249
1.0059335231781006,256,253
1.0215396881103516,260,258
1.0371575355529785,264,262
1.0527892112731934,268,266
1.0683786869049072,272,269
1.084019660949707,277,273
1.0996639728546143,281,277
1.1152639389038086,285,281
1.1308748722076416,290,285
1.1464755535125732,294,289
1.1621158123016357,299,293
1.1777153015136719,303,297
1.1933417320251465,308,301
1.208979606628418,312,305
1.2245426177978516,317,309
1.2401864528656006,321,313
1.2558226585388184,325,318
1.2714564800262451,330,322
1.2870745658874512,334,326
1.3025946617126465,338,331
1.3182427883148193,343,335
1.3338661193847656,347,340
1.349520206451416,352,344
1.3651304244995117,356,349
1.380685567855835,361,353
1.3963029384613037,365,357
1.411994457244873,369,362
1.4276177883148193,373,366
1.4431958198547363,377,370
1.4588489532470703,381,374
1.474390983581543,386,378
1.4900565147399902,390,382
1.5056734085083008,394,386
1.521291971206665,397,390
1.5369322299957275,402,394
1.5524952411651611,406,399
1.5681178569793701,411,404
1.583772897720337,415,408
1.5993549823760986,420,413
1.6149773597717285,424,417
1.6305458545684814,429,421
1.6462318897247314,433,426
1.6618285179138184,438,430
1.677445650100708,442,435
1.6930272579193115,447,439
1.7086424827575684,451,443
1.7242600917816162,456,448
1.7399024963378906,460,452
1.7555148601531982,464,457
1.771141529083252,469,461
1.7867743968963623,473,465
1.8023176193237305,478,469
1.8180084228515625,482,473
1.8336093425750732,486,478
1.8492391109466553,491,482
1.8648803234100342,495,486
1.880403757095337,500,491
1.8960871696472168,504,495
1.911694049835205,508,499
1.9273200035095215,513,503
1.9429540634155273,517,507
1.9584779739379883,522,511
1.9741184711456299,526,515
1.9897446632385254,530,519
2.0053863525390625,534,523
2.020994186401367,538,527
2.036555767059326,542,531
2.052237033843994,546,535
2.06784987449646,550,539
2.08345365524292,554,543
2.0990850925445557,558,547
2.1146678924560547,562,551
2.130250930786133,566,555
2.1459274291992188,570,559
2.1615545749664307,574,562
2.1771674156188965,578,566
2.192775249481201,583,571
2.2083349227905273,587,575
2.2240068912506104,591,579
2.2396209239959717,596,583
2.2552542686462402,600,588
2.2709014415740967,604,592
2.286433219909668,609,597
2.302116870880127,613,601
2.3177330493927,617,605
2.3333287239074707,622,610
2.348947286605835,626,614
2.3645095825195312,630,618
2.380176067352295,634,622
2.3957903385162354,638,626
2.4114181995391846,642,630
2.4270401000976562,646,635
2.4425854682922363,650,639
2.4582245349884033,654,643
2.4738969802856445,658,647
2.4895193576812744,662,652
2.505131721496582,666,656
2.5207276344299316,670,660
2.536275863647461,674,665
2.5519938468933105,678,669
2.5675721168518066,682,674
2.583204984664917,686,678
2.5987765789031982,690,682
2.6143624782562256,694,686
2.6300292015075684,698,690
2.6456408500671387,702,694
2.6612725257873535,706,698
2.6768808364868164,710,701
2.692453384399414,714,705
2.708132266998291,718,709
2.7237558364868164,722,713
2.7393767833709717,725,717
2.7549891471862793,729,721
2.7705307006835938,733,726
2.7862133979797363,738,730
2.8018264770507812,742,734
2.817422866821289,747,739
2.833047389984131,751,743
2.848635196685791,756,748
2.8642690181732178,760,752
2.879904270172119,765,757
2.8955044746398926,769,761
2.911163091659546,774,765
2.9266958236694336,778,770
2.9423272609710693,782,774
2.957986831665039,786,778
2.9736149311065674,790,783
2.989187717437744,795,787
3.0048372745513916,799,791
3.0203897953033447,803,795
3.036060333251953,807,799
3.0516765117645264,811,803
3.0672779083251953,815,807
3.0829110145568848,819,811
3.098504066467285,823,814
3.1141819953918457,827,818
3.129777431488037,831,822
3.1453850269317627,836,827
3.1610302925109863,840,831
3.176544427871704,845,836
3.19222092628479,849,840
3.2078442573547363,853,845
3.2234532833099365,858,849
3.2390804290771484,863,853
3.2546629905700684,867,858
3.2702481746673584,872,862
3.285926103591919,876,866
3.30155873298645,880,870
3.3171727657318115,885,874
3.332801342010498,889,879
3.3483643531799316,893,883
3.36403226852417,897,888
3.3796474933624268,901,892
3.395298480987549,905,896
3.4108376502990723,909,901
3.426424264907837,913,905
3.442113161087036,917,910
3.4577198028564453,921,914
3.473367929458618,925,918
3.4889469146728516,929,922
3.504504442214966,933,927
3.5201964378356934,938,931
3.5357577800750732,942,936
3.551377534866333,947,940
3.5669894218444824,951,944
3.5825793743133545,955,949
3.5982179641723633,960,953
3.6138527393341064,965,957
3.6294522285461426,969,961
3.6451072692871094,973,966
3.660694122314453,978,970
3.6762945652008057,982,974
3.691960096359253,986,978
3.707575798034668,990,982
3.7232086658477783,994,986
3.7388083934783936,998,991
3.7543747425079346,1002,995
3.7700374126434326,1006,1000
3.7856626510620117,1010,1004
3.8013036251068115,1014,1008
3.816901922225952,1017,1012
3.8324642181396484,1021,1017
3.8481390476226807,1025,1021
3.8637545108795166,1029,1025
3.8793959617614746,1033,1029
3.8949971199035645,1037,1034
3.9105496406555176,1041,1038
3.926190137863159,1046,1043
3.941800832748413,1050,1046
3.957432746887207,1054,1050
3.973052740097046,1058,1054
3.9886159896850586,1062,1058
4.004449844360352,1066,1062
4.019903659820557,1070,1066
4.035519599914551,1073,1068
4.051103591918945,1077,1068
4.066680908203125,1080,1068
4.082285165786743,1083,1067
4.097941160202026,1087,1065
4.113550662994385,1089,1063
4.129211902618408,1092,1061
4.144796133041382,1095,1058
4.160372018814087,1097,1055
4.17607045173645,1099,1052
4.1916704177856445,1102,1049
4.207300901412964,1105,1047
4.222882032394409,1107,1044
4.238461971282959,1110,1042
4.254092216491699,1113,1039
4.269734621047974,1115,1037
4.285353422164917,1118,1036
4.300978183746338,1120,1034
4.31652045249939,1123,1032
4.332232475280762,1125,1030
4.347858667373657,1128,1028
4.363429069519043,1131,1026
4.379062652587891,1134,1024
4.3946380615234375,1136,1022
4.410269737243652,1139,1019
4.425904273986816,1142,1017
4.441527366638184,1144,1015
4.457134008407593,1147,1013
4.47278356552124,1150,1011
4.488344430923462,1152,1009
4.503973007202148,1155,1006
4.519601106643677,1157,1004
4.535217046737671,1160,1001
4.550787448883057,1163,999
4.5664122104644775,1165,996
4.582061290740967,1168,994
4.597686290740967,1171,991
4.613282918930054,1173,989
4.6288979053497314,1176,987
4.644363164901733,1179,984
4.660167932510376,1181,982
4.675766229629517,1184,980
4.691384792327881,1187,978
4.707002639770508,1189,975
4.7225871086120605,1192,973
4.738229274749756,1194,971
4.753883123397827,1197,969
4.769474267959595,1200,966
4.785083293914795,1202,964
4.800663709640503,1205,962
4.816256046295166,1208,959
4.831944465637207,1210,957
4.84752631187439,1213,954
4.863184452056885,1215,952
4.878803968429565,1218,950
4.894480228424072,1220,948
4.909997224807739,1223,945
4.925644874572754,1226,943
4.941247224807739,1228,941
4.956842660903931,1231,939
4.972407817840576,1234,937
4.988062858581543,1236,934
5.003698110580444,1239,932
5.019332408905029,1241,930
5.034963846206665,1244,928
5.0505311489105225,1246,926
5.06613826751709,1249,923
5.081806182861328,1251,921
5.097419738769531,1254,919
5.113037824630737,1256,916
5.1285929679870605,1259,914
5.144277572631836,1262,912
5.159874200820923,1264,909
5.175483703613281,1267,907
5.191112518310547,1270,905
5.206661701202393,1272,902
5.222308397293091,1275,900
5.237957715988159,1277,897
5.253559827804565,1280,895
5.269160270690918,1282,893
5.284639358520508,1285,890
5.300389051437378,1287,888
5.3160412311553955,1290,886
5.331668853759766,1293,884
5.347299814224243,1295,881
5.362877130508423,1298,879
5.378464221954346,1301,876
5.394131422042847,1303,874
5.409703969955444,1306,871
5.425342082977295,1308,869
5.44094705581665,1311,867
5.456521272659302,1313,864
5.4721832275390625,1316,862
5.487817049026489,1319,860
5.5034215450286865,1321,857
5.519045829772949,1324,855
5.5346291065216064,1326,853
5.550269842147827,1328,850
5.565893173217773,1331,848
5.581526517868042,1333,846
5.5971128940582275,1336,843
5.612721920013428,1338,841
5.628300666809082,1340,839
5.643960237503052,1343,836
5.659598112106323,1345,834
5.675213575363159,1348,832
5.690784931182861,1351,829
5.706403493881226,1353,827
5.7220869064331055,1356,825
5.73767876625061,1358,822
5.753290891647339,1361,820
5.768907785415649,1363,817
5.784489393234253,1366,815
5.800151348114014,1369,813
5.81574821472168,1371,810
5.831394910812378,1374,808
5.847007989883423,1376,806
5.862566947937012,1379,803
5.878185987472534,1381,801
5.893831253051758,1384,798
5.909411907196045,1387,796
5.9250335693359375,1389,793
5.940617799758911,1392,791
5.956268310546875,1394,789
5.971950531005859,1397,786
5.987563848495483,1399,784
6.003143787384033,1401,782
6.018712759017944,1404,779
6.034365177154541,1406,777
6.049999952316284,1409,775
6.065615892410278,1411,772
6.081244707107544,1413,770
6.096899747848511,1416,768
6.11244535446167,1418,765
6.128077983856201,1421,763
6.143722772598267,1424,761
6.159296035766602,1426,758
6.17496395111084,1428,756
6.1904942989349365,1431,754
6.2061378955841064,1433,751
6.2217772006988525,1436,749
6.2374107837677,1438,747
6.2529988288879395,1441,744
6.268558025360107,1443,742
6.284222602844238,1446,740
6.299873113632202,1448,737
6.315468072891235,1451,735
6.3310768604278564,1453,733
6.346673965454102,1456,730
6.362280368804932,1458,728
6.377938508987427,1461,725
6.393704891204834,1463,723
6.409197568893433,1466,721
6.4247283935546875,1468,718
6.440366506576538,1471,716
6.456032752990723,1473,714
6.471697568893433,1476,711
6.487255096435547,1478,709
6.502684593200684,1481,706
6.5184290409088135,1483,704
6.534065008163452,1486,701
6.549726486206055,1488,699
6.565303564071655,1491,697
6.580915927886963,1493,694
6.596505165100098,1496,692
6.612175226211548,1498,689
6.627825498580933,1501,687
6.643399238586426,1503,685
6.659022808074951,1506,683
6.674623012542725,1508,680
6.69023585319519,1511,678
6.705879211425781,1513,675
6.72151255607605,1515,673
6.737127780914307,1518,671
6.7526702880859375,1520,668
6.7683165073394775,1523,666
6.783967018127441,1525,664
6.799582004547119,1528,661
6.815182447433472,1530,659
6.830611944198608,1533,656
6.846371650695801,1535,654
6.862071990966797,1538,652
6.877655744552612,1540,649
6.893264055252075,1543,647
6.908839702606201,1545,644
6.924443244934082,1548,642
6.9400928020477295,1551,640
6.955761194229126,1553,637
6.9713523387908936,1556,635
6.986958265304565,1558,632
7.0025434494018555,1561,630
7.018195152282715,1563,627
7.033813714981079,1566,625
7.049467325210571,1568,623
7.065046787261963,1571,620
7.0806357860565186,1573,618
7.096306085586548,1575,616
7.111894845962524,1578,613
7.127529859542847,1580,611
7.143127202987671,1583,608
7.158704042434692,1585,606
7.174331903457642,1588,603
7.189952611923218,1590,601
7.20558500289917,1593,599
7.221210956573486,1595,596
7.23665714263916,1598,594
7.252262115478516,1600,591
7.2680439949035645,1603,589
7.28369402885437,1605,587
7.299313306808472,1607,584
7.314932584762573,1610,582
7.330500841140747,1612,580
7.346126317977905,1615,577
7.361758232116699,1617,575
7.377350807189941,1620,573
7.393027305603027,1622,570
7.408611059188843,1624,568
7.424225330352783,1627,566
7.4398558139801025,1629,563
7.455467939376831,1632,561
7.471102952957153,1634,558
7.486668348312378,1637,556
7.502273321151733,1639,553
7.517902612686157,1642,551
7.533524990081787,1645,548
7.549157381057739,1647,546
7.564738750457764,1650,543
7.580339670181274,1652,541
7.596019744873047,1655,538
7.6116251945495605,1657,535
7.627248048782349,1660,533
7.64285135269165,1662,530
7.65843939781189,1665,528
7.6741132736206055,1667,525
7.689727783203125,1670,523
7.705323696136475,1672,520
7.720927953720093,1675,517
7.736498117446899,1677,515
7.752177000045776,1680,512
7.767807960510254,1682,510
7.78341007232666,1685,507
7.799009561538696,1687,505
7.8146021366119385,1690,503
7.830253839492798,1692,500
7.845832109451294,1695,498
7.861464023590088,1697,495
7.877074718475342,1700,493
7.8925254344940186,1702,490
7.908344030380249,1705,488
7.923966884613037,1707,485
7.939567565917969,1710,483
7.955180406570435,1712,480
7.970841407775879,1715,478
7.986364841461182,1718,475
8.002213716506958,1720,473
8.017658472061157,1723,470
8.033262968063354,1725,467
8.04887342453003,1723,463
8.06447148323059,1721,459
8.080106496810913,1718,456
8.09575343132019,1715,451
8.111344814300537,1711,446
8.12697434425354,1707,441
8.142557144165039,1702,436
8.158208847045898,1698,431
8.173814296722412,1694,427
8.189420461654663,1690,423
8.205025672912598,1686,418
8.220593214035034,1681,414
8.236305475234985,1677,410
8.2518789768219,1673,406
8.267506122589111,1669,402
8.283088207244873,1666,398
8.298661231994629,1662,394
8.314287424087524,1658,390
8.32994270324707,1654,386
8.34557318687439,1651,382
8.36118221282959,1647,377
8.37682032585144,1643,373
8.392389297485352,1639,369
8.40807819366455,1635,365
8.42369294166565,1631,361
8.43932557106018,1627,357
8.45490574836731,1622,353
8.470451593399048,1618,349
8.486118078231812,1614,345
8.501770257949829,1610,341
8.517341613769531,1605,337
8.532980680465698,1601,333
8.548566579818726,1597,329
8.564220905303955,1593,325
8.579843521118164,1588,321
8.595463991165161,1584,316
8.611078977584839,1580,312
8.62662672996521,1576,308
8.642292737960815,1571,304
8.657940864562988,1567,300
8.673554420471191,1563,296
8.689152717590332,1558,292
8.704729318618774,1554,288
8.720322847366333,1550,284
8.736005067825317,1546,281
8.751690149307251,1543,277
8.767274141311646,1539,273
8.782867193222046,1535,269
8.7984139919281,1531,265
8.814058065414429,1527,261
8.829693794250488,1523,257
8.845338344573975,1519,252
8.860931634902954,1515,248
8.876507043838501,1510,244
8.892167329788208,1506,239
8.907799005508423,1502,235
8.92340612411499,1497,231
8.939031839370728,1493,226
8.954604625701904,1488,222
8.97023344039917,1484,217
8.985862255096436,1480,214
9.001464128494263,1476,210
9.017069816589355,1472,206
9.032666444778442,1468,202
9.048322200775146,1464,197
9.06396746635437,1460,194
9.079542398452759,1456,190
9.09518551826477,1453,186
9.110721588134766,1449,182
9.12637710571289,1445,178
9.142032623291016,1441,174
9.157628774642944,1437,170
9.173230409622192,1433,166
9.188881874084473,1429,162
9.204430341720581,1425,158
9.220128059387207,1422,154
9.235742330551147,1418,150
9.25131607055664,1413,146
9.266936540603638,1409,141
9.282530784606934,1405,137
9.29819941520691,1400,133
9.313801527023315,1396,128
9.329434633255005,1391,124
9.345057010650635,1387,119
9.36061954498291,1383,115
9.376264810562134,1378,110
9.391876459121704,1374,106
9.40753960609436,1370,102
9.423100471496582,1366,97
9.438673734664917,1363,93
9.454347610473633,1359,89
9.46997618675232,1355,85
9.48555612564087,1351,81
9.501198530197144,1348,78
9.516747236251831,1344,74
9.532394647598267,1339,70
9.548027515411377,1335,66
9.563660860061646,1331,62
9.579293727874756,1327,58
9.59489393234253,1322,54
9.610465288162231,1318,50
9.62613821029663,1314,45
9.641755819320679,1309,41
9.657367944717407,1305,37
9.67296576499939,1301,33
9.688557386398315,1297,29
9.7042076587677,1292,25
9.719832181930542,1288,21
9.735454320907593,1284,17
9.75103759765625,1279,13
9.766625881195068,1275,9
9.782272100448608,1271,5
9.797876596450806,1266,1
9.813489437103271,1262,-3
9.82911992073059,1258,-7
9.84470510482788,1254,-11
9.86037564277649,1250,-14
9.87598729133606,1246,-18
9.891614437103271,1242,-22
9.907215356826782,1238,-26
9.922789335250854,1234,-30
9.938414573669434,1230,-34
9.954090356826782,1227,-39
9.969718217849731,1223,-42
9.985336065292358,1219,-46
10.000920295715332,1215,-51
10.016479015350342,1211,-54
10.032155752182007,1207,-58
10.047766923904419,1202,-62
10.06335186958313,1198,-66
10.079001665115356,1194,-70
10.094570398330688,1190,-74
10.110245704650879,1185,-78
10.125823974609375,1181,-81
10.14144515991211,1177,-85
10.157077312469482,1173,-89
10.172662734985352,1169,-93
10.188295602798462,1165,-97
10.203911542892456,1161,-101
10.219534158706665,1157,-105
10.235190153121948,1154,-109
10.25072431564331,1150,-113
10.266355514526367,1146,-117
10.282040357589722,1142,-122
10.297657251358032,1138,-126
10.31326937675476,1133,-130
10.328879833221436,1129,-134
10.344404697418213,1125,-139
10.360100030899048,1121,-143
10.375732660293579,1117,-147
10.39130973815918,1113,-152
10.406944990158081,1109,-156
10.422523498535156,1105,-160
10.43814206123352,1101,-165
10.453791856765747,1097,-169
10.46940565109253,1093,-173
10.484989881515503,1089,-178
10.500575304031372,1085,-182
10.516271352767944,1081,-186
10.531876564025879,1078,-190
10.547510862350464,1074,-195
10.563084602355957,1070,-199
10.57863974571228,1065,-203
10.594350337982178,1061,-207
10.609975814819336,1057,-211
10.625595331192017,1053,-215
10.641194105148315,1049,-219
10.656779527664185,1045,-222
10.672359943389893,1041,-227
10.688010215759277,1037,-231
10.703652381896973,1033,-235
10.719257831573486,1029,-239
10.734863758087158,1026,-243
10.750440835952759,1022,-246
10.766104459762573,1018,-250
10.781726360321045,1014,-254
10.797351360321045,1009,-258
10.812938451766968,1005,-262
10.828527688980103,1001,-267
10.844194889068604,997,-271
10.859803915023804,993,-275
10.875408172607422,988,-280
10.891044855117798,984,-284
10.906620740890503,980,-288
10.922298908233643,975,-292
10.937907218933105,971,-296
10.953510999679565,967,-300
10.969125986099243,963,-304
10.984715938568115,959,-309
11.000376462936401,955,-313
11.015955686569214,951,-317
11.04081916809082,947,-321
11.047236204147339,943,-325
11.062793493270874,939,-330
11.07837724685669,934,-334
11.094042301177979,930,-338
11.10964584350586,926,-343
11.125283002853394,921,-347
11.140907526016235,917,-350
11.15648102760315,913,-354
11.172129392623901,909,-358
11.187746524810791,904,-362
11.203343629837036,900,-366
11.21899700164795,896,-370
11.234538316726685,892,-374
11.250213384628296,887,-378
11.265841007232666,883,-383
11.281443357467651,879,-387
11.297048807144165,874,-391
11.312599420547485,870,-395
11.328275203704834,866,-399
11.343884706497192,862,-403
11.359534740447998,857,-407
11.375150203704834,853,-411
11.390702962875366,849,-415
11.406346321105957,844,-418
11.421971797943115,840,-422
11.437582731246948,836,-426
11.453240156173706,832,-430
11.468806266784668,828,-435
11.484376668930054,823,-438
11.500052213668823,819,-442
11.515708923339844,814,-446
11.531286001205444,810,-451
11.546929359436035,806,-455
11.562499046325684,802,-459
11.57814335823059,797,-463
11.593781471252441,793,-468
11.60942530632019,789,-472
11.62502384185791,784,-476
11.640582084655762,780,-481
11.656223058700562,775,-485
11.67182207107544,771,-490
11.687448263168335,767,-494
11.703088283538818,763,-498
11.718621015548706,758,-503
11.734259605407715,754,-507
11.749882936477661,750,-511
11.765496015548706,746,-515
11.781113386154175,742,-520
11.796685934066772,738,-524
11.81240200996399,734,-528
11.828027725219727,730,-533
11.84361457824707,726,-537
11.859245777130127,722,-541
11.8748197555542,718,-545
11.890427827835083,714,-550
11.906105518341064,710,-554
11.921732902526855,706,-558
11.937337636947632,702,-563
11.952931642532349,698,-567
11.968499660491943,693,-570
11.984163045883179,689,-574
11.999987602233887,684,-578
12.015421390533447,680,-582
12.030996799468994,677,-585
12.046446323394775,673,-585
12.06221890449524,670,-585
12.077862024307251,667,-585
12.093449354171753,664,-585
12.10906195640564,662,-584
12.124518394470215,660,-582
12.140343427658081,658,-581
12.155908107757568,657,-580
12.171524047851562,655,-579
12.187188148498535,654,-577
12.202722311019897,652,-576
12.218359231948853,651,-575
12.234030485153198,649,-573
12.249619483947754,647,-571
12.265257120132446,646,-570
12.280811786651611,644,-569
12.296440839767456,642,-567
12.312089920043945,641,-566
12.32767128944397,639,-564
12.343350410461426,638,-563
12.358762741088867,636,-561
12.374521732330322,635,-560
12.390167474746704,634,-558
12.405804634094238,632,-557
12.421399116516113,631,-555
12.437000036239624,630,-553
12.452469825744629,628,-551
12.468268871307373,626,-549
12.483860731124878,625,-547
12.499511003494263,624,-546
12.515119314193726,623,-544
12.530668497085571,621,-543
12.546305894851685,620,-541
12.561927795410156,618,-539
12.577568054199219,617,-538
12.593176126480103,615,-536
12.608738422393799,614,-535
12.624372482299805,612,-533
12.64003324508667,611,-532
12.655632972717285,609,-531
12.671281099319458,608,-530
12.686713457107544,606,-528
12.702463626861572,604,-527
12.71809434890747,602,-525
12.733726501464844,600,-523
12.749354600906372,599,-522
12.764961957931519,597,-520
12.780386447906494,595,-518
12.796190977096558,594,-516
12.81180739402771,592,-514
12.827434301376343,591,-513
12.843005657196045,589,-511
12.858609676361084,588,-509
12.87428903579712,586,-508
12.889893770217896,585,-506
12.905487060546875,583,-504
12.921146631240845,582,-503
12.93670129776001,580,-501
12.952380418777466,579,-499
12.96797251701355,577,-498
12.983592987060547,575,-496
12.999193668365479,573,-495
13.014753580093384,571,-493
13.03026032447815,569,-491
13.046032190322876,567,-489
13.061655282974243,566,-487
13.07728099822998,564,-485
13.092698335647583,562,-483
13.108309984207153,561,-481
13.124134540557861,560,-479
13.139731645584106,558,-478
13.155370473861694,557,-476
13.170936346054077,555,-474
13.186564683914185,554,-473
13.20221996307373,552,-471
13.21779727935791,551,-469
13.233432054519653,549,-468
13.249052047729492,548,-466
13.264614820480347,546,-464
13.280300617218018,545,-463
13.295932054519653,543,-461
13.311516523361206,542,-459
13.327124834060669,540,-458
13.342710494995117,539,-456
13.358353614807129,537,-454
13.373971462249756,536,-453
13.389589786529541,534,-451
13.405188083648682,533,-449
13.420798540115356,532,-447
13.436409950256348,530,-446
13.452041864395142,529,-444
13.467697858810425,528,-442
13.483287572860718,526,-441
13.4989013671875,525,-439
13.514468908309937,524,-437
13.530166864395142,522,-436
13.545782804489136,521,-434
13.56144642829895,520,-432
13.576942920684814,518,-430
13.592589139938354,517,-429
13.60823369026184,515,-427
13.623836278915405,514,-425
13.639471530914307,512,-423
13.65508484840393,510,-421
13.67064094543457,509,-420
13.686286926269531,507,-418
13.70190954208374,505,-416
13.717531442642212,503,-414
13.733143329620361,502,-412
13.748749017715454,500,-410
13.764354944229126,498,-408
13.78002119064331,497,-406
13.79564642906189,495,-404
13.81125283241272,493,-402
13.826829433441162,491,-400
13.842462539672852,490,-398
13.85807466506958,488,-396
13.873698711395264,486,-394
13.88935899734497,485,-393
13.904935836791992,483,-391
13.920491933822632,481,-389
13.936184167861938,479,-387
13.951803922653198,478,-385
13.967405080795288,476,-383
13.98281979560852,474,-382
13.998470306396484,473,-380
14.014244079589844,471,-378
14.029853820800781,469,-377
14.045486688613892,468,-375
14.061075448989868,466,-373
14.07654857635498,465,-371
14.092344284057617,463,-370
14.107962608337402,461,-368
14.123564958572388,460,-366
14.139175653457642,458,-364
14.154738664627075,457,-363
14.17039680480957,455,-361
14.185997724533081,453,-359
14.201722145080566,452,-358
14.217257261276245,450,-356
14.232841968536377,449,-354
14.248462915420532,447,-352
14.264099359512329,445,-350
14.279695987701416,443,-348
14.295370101928711,441,-347
14.31095552444458,440,-345
14.326382875442505,438,-343
14.342174291610718,436,-342
14.357808113098145,435,-340
14.373395442962646,433,-339
14.388843536376953,431,-337
14.404640913009644,430,-336
14.420284032821655,428,-334
14.43589186668396,426,-333
14.451506614685059,425,-331
14.467154026031494,423,-330
14.482722282409668,421,-328
14.498343229293823,420,-327
14.513961791992188,418,-325
14.529609680175781,417,-324
14.545178174972534,415,-322
14.56076979637146,413,-321
14.576403141021729,412,-319
14.592057943344116,410,-318
14.607660055160522,408,-317
14.623303174972534,406,-316
14.638702869415283,405,-314
14.654349565505981,403,-313
14.670128107070923,401,-312
14.68571400642395,400,-310
14.701366901397705,398,-309
14.71691370010376,396,-308
14.73240041732788,395,-306
14.748185157775879,393,-305
14.76380443572998,391,-304
14.779457807540894,390,-302
14.795035600662231,388,-301
14.810628175735474,386,-300
14.826297044754028,385,-298
14.84192705154419,383,-297
14.85751461982727,381,-296
14.873125076293945,379,-294
14.888741493225098,377,-293
14.904391527175903,376,-292
14.920000314712524,374,-290
14.935629606246948,372,-289
14.951225757598877,370,-287
14.966655731201172,368,-286
14.982288360595703,366,-285
14.998034954071045,365,-283
15.013687133789062,363,-282
15.029295444488525,361,-281
15.044878721237183,359,-279
15.06035327911377,357,-277
15.076157569885254,355,-275
15.09177017211914,354,-274
15.107402086257935,352,-272
15.122987270355225,350,-270
15.138572931289673,348,-268
15.154242992401123,346,-266
15.16984224319458,345,-265
15.18543553352356,343,-263
15.201067209243774,341,-261
15.216657638549805,340,-260
15.232253551483154,338,-258
15.247895002365112,337,-256
15.263512372970581,335,-255
15.279137134552002,334,-253
15.294684410095215,333,-251
15.31034779548645,331,-249
15.325982570648193,329,-248
15.341638803482056,328,-246
15.357212781906128,326,-244
15.372796773910522,324,-242
15.388436079025269,322,-241
15.404115915298462,320,-240
15.4196937084198,318,-238
15.435284852981567,316,-236
15.450948238372803,314,-235
15.46652626991272,313,-233
15.482158184051514,311,-231
15.497803688049316,309,-230
15.513386487960815,307,-228
15.529030084609985,306,-226
15.544571876525879,304,-224
15.560250759124756,302,-222
15.575856685638428,300,-221
15.591475009918213,298,-219
15.607110738754272,297,-217
15.622517824172974,295,-216
15.63830828666687,294,-214
15.65391206741333,293,-212
15.669556379318237,291,-211
15.685140371322632,290,-209
15.700762033462524,288,-208
15.716415882110596,287,-206
15.73201298713684,285,-205
15.74763560295105,284,-203
15.763279438018799,282,-202
15.77882695198059,281,-200
15.794447422027588,279,-199
15.81010627746582,278,-197
15.825744152069092,276,-195
15.841342210769653,274,-194
15.856947422027588,273,-192
15.872545957565308,271,-190
15.888181924819946,269,-189
15.903818130493164,267,-187
15.91943073272705,265,-185
15.93485951423645,263,-183
15.950481176376343,262,-182
15.966264724731445,261,-180
15.981865406036377,259,-178
15.997485160827637,258,-176
16.01308012008667,256,-175
16.02868938446045,255,-173
16.04434609413147,253,-170
16.059980630874634,254,-168
16.075586080551147,255,-165
16.09122371673584,257,-162
16.106768369674683,261,-158
16.12240695953369,265,-154
16.138086080551147,269,-151
16.153666496276855,273,-147
16.16927671432495,276,-144
16.184906244277954,280,-141
16.20048689842224,284,-137
16.216129302978516,287,-134
16.23176383972168,291,-131
16.247398853302002,294,-128
16.26299786567688,297,-124
16.278549909591675,300,-121
16.2942316532135,303,-118
16.309810876846313,306,-115
16.325427532196045,309,-111
16.3410747051239,312,-108
16.356646299362183,316,-105
16.37231135368347,319,-102
16.38792061805725,322,-99
16.403537034988403,326,-95
16.419171810150146,330,-92
16.434755325317383,333,-89
16.45039129257202,336,-86
16.466023206710815,340,-83
16.481627702713013,343,-79
16.497222900390625,346,-76
16.512799739837646,349,-73
16.528403282165527,352,-69
16.54407525062561,355,-66
16.559704303741455,359,-63
16.575329065322876,362,-60
16.590943813323975,365,-57
16.606478214263916,369,-54
16.622173070907593,372,-50
16.63776707649231,376,-47
16.65338373184204,379,-43
16.668971061706543,383,-40
16.684553861618042,387,-37
16.700263738632202,390,-34
16.715858221054077,394,-31
16.731447458267212,397,-27
16.747088193893433,400,-24
16.762660026550293,403,-21
16.778319597244263,406,-18
16.793912649154663,410,-14
16.80955195426941,413,-11
16.825161695480347,416,-8
16.840771436691284,420,-5
16.856416940689087,423,-2
16.87201428413391,427,1
16.887620449066162,430,5
16.903244018554688,434,8
16.918806552886963,438,12
16.934449672698975,441,15
16.950093507766724,445,18
16.96571445465088,448,21
16.981334686279297,451,25
16.99689292907715,455,28
17.012526988983154,458,31
17.028167009353638,461,35
17.043784379959106,464,38
17.059390544891357,468,41
17.075016975402832,471,44
17.09059500694275,474,47
17.10627770423889,477,51
17.121885776519775,480,54
17.137494564056396,484,58
17.153132915496826,487,61
17.168657779693604,491,65
17.184341430664062,494,68
17.19997549057007,497,71
17.215545177459717,501,74
17.231197834014893,504,77
17.246758460998535,507,81
17.262422800064087,511,84
17.278008222579956,514,87
17.29362988471985,517,90
17.309253692626953,520,94
17.324846267700195,524,97
17.34042739868164,527,100
17.35611629486084,530,103
17.371733903884888,534,106
17.387345552444458,537,110
17.402973651885986,541,113
17.418540954589844,544,116
17.43416690826416,547,119
17.449828624725342,550,122
17.465440034866333,554,126
17.481025218963623,557,129
17.496608018875122,560,132
17.51227617263794,563,135
17.52791404724121,566,139
17.54350972175598,570,142
17.559137105941772,573,145
17.574686527252197,576,149
17.590341329574585,580,152
17.605971097946167,583,155
17.62157368659973,586,158
17.637203216552734,589,162
17.652751922607422,593,165
17.668424129486084,596,168
17.68406081199646,599,171
17.69967532157898,602,175
17.715298175811768,605,178
17.730857610702515,609,181
17.746474027633667,612,184
17.762120246887207,616,187
17.777749061584473,620,191
17.7933349609375,624,194
17.80902338027954,627,197
17.824521780014038,631,200
17.840210914611816,634,203
17.85584592819214,637,206
17.871477603912354,640,210
17.88706135749817,644,213
17.902629852294922,647,216
17.918292999267578,650,220
17.9339120388031,653,223
17.949503660202026,656,227
17.96512722969055,660,231
17.980729579925537,663,234
17.99636745452881,667,238
18.01199746131897,670,241
18.027618408203125,673,245
18.043206691741943,676,248
18.058807373046875,680,251
18.07443118095398,683,254
18.090083837509155,687,257
18.105668783187866,690,261
18.12127995491028,693,264
18.136908531188965,696,267
18.152501583099365,700,270
18.168164014816284,703,273
18.183789491653442,706,276
18.19940686225891,709,280
18.214980363845825,713,283
18.23054003715515,716,286
18.246236085891724,719,289
18.261839389801025,723,292
18.277448415756226,726,296
18.293051958084106,730,299
18.308652639389038,733,303
18.32430148124695,737,306
18.339929580688477,741,310
18.355560541152954,745,314
18.371151447296143,748,317
18.386744260787964,751,321
18.402416944503784,755,324
18.417988538742065,758,328
18.433613777160645,761,331
18.44923424720764,765,334
18.464788913726807,768,338
18.48044180870056,771,341
18.49611258506775,775,344
18.511718034744263,778,347
18.52731204032898,781,350
18.542937994003296,784,354
18.558485984802246,787,357
18.574153184890747,790,361
18.589794158935547,794,364
18.605406284332275,797,367
18.62100577354431,800,370
18.63659119606018,803,373
18.652243852615356,806,376
18.66782021522522,810,379
18.6834454536438,813,383
18.699052333831787,817,386
18.714622020721436,821,390
18.730318069458008,825,393
18.74591612815857,828,397
18.761553287506104,831,400
18.77718234062195,835,403
18.792721271514893,839,407
18.808393239974976,842,410
18.824038982391357,845,413
18.839626789093018,849,416
18.855260848999023,852,420
18.87083625793457,855,423
18.886428356170654,859,426
18.90209984779358,862,430
18.917689085006714,865,433
18.933311939239502,869,436
18.94895076751709,872,439
18.964539289474487,875,442
18.98016619682312,879,445
18.995822191238403,882,449
19.01140069961548,885,452
19.027018547058105,889,455
19.042601108551025,892,458
19.058274745941162,895,462
19.073897123336792,898,465
19.089488983154297,902,468
19.10513472557068,905,471
19.120681524276733,908,475
19.136343955993652,911,478
19.151963472366333,914,482
19.167595386505127,918,485
19.18319320678711,922,488
19.198760271072388,925,491
19.214417219161987,929,494
19.23004126548767,933,497
19.24565625190735,937,501
19.261242151260376,940,504
19.27683162689209,944,507
19.29246187210083,947,510
19.308141469955444,950,514
19.323710918426514,954,517
19.339362144470215,957,520
19.354982137680054,960,523
19.370557069778442,963,526
19.386184215545654,967,529
19.40183162689209,970,532
19.417457580566406,973,536
19.433046579360962,976,539
19.44861626625061,979,542
19.464295148849487,983,545
19.47992753982544,986,548
19.49554467201233,989,552
19.511127471923828,993,555
19.526673555374146,996,559
19.542370319366455,1000,562
19.557974576950073,1004,566
19.57355260848999,1008,570
19.589202642440796,1011,574
19.60475492477417,1015,577
19.62041473388672,1018,580
19.636085033416748,1021,584
19.65170431137085,1025,587
19.667282819747925,1028,590
19.682861804962158,1032,593
19.698490619659424,1035,597
19.71416163444519,1038,600
19.72976541519165,1041,603
19.745380878448486,1045,606
19.76100993156433,1048,609
19.776544332504272,1051,612
19.792230129241943,1055,616
19.807857036590576,1058,619
19.8234760761261,1061,622
19.83906316757202,1064,626
19.854641437530518,1067,629
19.87028956413269,1071,633
19.885911464691162,1074,637
19.901519775390625,1077,640
19.917152643203735,1080,644
19.932710647583008,1084,647
19.94837498664856,1087,650
19.96398425102234,1090,653
19.979621171951294,1093,656
19.995210886001587,1097,660
20.010786533355713,1100,663
20.02641987800598,1103,666
20.042054653167725,1104,669
20.057687044143677,1104,671
20.073291301727295,1104,674
20.08887529373169,1104,677
20.104511737823486,1102,679
20.120173931121826,1099,682
20.135749101638794,1096,684
20.151386260986328,1093,686
20.167009115219116,1090,688
20.18253779411316,1087,690
20.198211431503296,1084,693
20.213820457458496,1081,695
20.229435682296753,1078,698
20.24506950378418,1076,700
20.260664463043213,1073,702
20.276330947875977,1071,705
20.29193425178528,1069,707
20.307544708251953,1067,709
20.323140621185303,1064,712
20.338743448257446,1062,714
20.35436749458313,1060,717
20.369989156723022,1057,719
20.385610103607178,1055,722
20.401231288909912,1053,724
20.416822910308838,1051,726
20.43242311477661,1048,729
20.448076725006104,1046,731
20.463722467422485,1044,734
20.47933340072632,1041,736
20.494738340377808,1039,739
20.51049256324768,1037,741
20.526144981384277,1035,743
20.541781902313232,1033,746
20.557404041290283,1030,748
20.572976112365723,1028,751
20.58859372138977,1026,753
20.60423183441162,1023,756
20.61985158920288,1021,758
20.635502338409424,1019,761
20.651060104370117,1016,763
20.66666054725647,1014,766
20.68230700492859,1012,768
20.697949647903442,1009,771
20.713570833206177,1007,774
20.72917413711548,1005,776
20.744745016098022,1002,779
20.76041054725647,1000,782
20.776026487350464,998,784
20.79164433479309,995,787
20.807257175445557,993,790
20.822839975357056,991,792
20.838435649871826,989,794
20.854069709777832,986,797
20.869691610336304,984,800
20.88530421257019,982,802
20.900893211364746,979,804
20.91651177406311,977,807
20.932204008102417,975,809
20.94781804084778,972,812
20.963404655456543,970,814
20.979061365127563,968,817
20.994592666625977,965,819
21.010262727737427,963,822
21.025864601135254,960,825
21.041476011276245,958,827
21.057114362716675,955,830
21.072710752487183,953,832
21.088353872299194,951,835
21.103952407836914,948,837
21.11956477165222,946,840
21.135180234909058,944,842
21.150633096694946,941,845
21.166438102722168,939,847
21.182010889053345,936,850
21.197656393051147,934,852
21.213273763656616,931,855
21.22883915901184,929,858
21.244444131851196,927,860
21.260121822357178,924,863
21.27575445175171,922,865
21.291374921798706,919,868
21.30698037147522,917,870
21.322531938552856,915,873
21.33819317817688,912,875
21.353818655014038,910,878
21.369439840316772,907,881
21.385077953338623,905,883
21.40060067176819,903,886
21.416298627853394,900,888
21.431891918182373,898,891
21.447520971298218,895,893
21.46312928199768,893,895
21.47868299484253,891,898
21.494338989257812,888,901
21.509973287582397,886,903
21.525563955307007,884,906
21.5412118434906,881,908
21.556790351867676,879,910
21.572418689727783,876,913
21.58806324005127,874,915
21.603683471679688,871,918
21.619284868240356,869,920
21.634870290756226,866,923
21.650476694107056,864,925
21.666118621826172,861,928
21.681776762008667,859,930
21.697383165359497,857,933
21.71299958229065,854,935
21.72857093811035,852,938
21.74423313140869,849,940
21.759839296340942,847,943
21.775447130203247,844,945
21.79107666015625,842,948
21.806619882583618,840,950
21.822267055511475,837,953
21.837888956069946,835,956
21.853525161743164,833,958
21.869128227233887,830,961
21.88472867012024,828,963
21.900348901748657,825,965
21.916000604629517,823,968
21.931615591049194,820,970
21.94722270965576,818,973
21.962794303894043,815,975
21.978439569473267,813,978
21.994110345840454,810,980
22.009703874588013,808,983
22.025322675704956,805,986
22.0408878326416,803,988
22.05647373199463,800,991
22.07215976715088,798,993
22.08773398399353,795,996
22.10336709022522,793,998
22.118930101394653,791,1000
22.13453698158264,788,1003
22.150197505950928,786,1005
22.165802240371704,783,1008
22.181416988372803,781,1010
22.197022676467896,778,1013
22.212631702423096,776,1015
22.22828197479248,773,1018
22.243898391723633,771,1020
22.259502410888672,769,1023
22.275145053863525,766,1025
22.29072666168213,764,1028
22.306400299072266,761,1030
22.321993827819824,759,1033
22.33765172958374,756,1035
22.353267908096313,753,1038
22.3688006401062,751,1040
22.384434700012207,748,1043
22.40009903907776,746,1045
22.415684700012207,744,1048
22.431310653686523,741,1050
22.446879625320435,739,1053
22.462510108947754,736,1055
22.478145837783813,734,1058
22.49376344680786,731,1060
22.509397268295288,729,1063
22.52497100830078,726,1065
22.540610790252686,724,1067
22.556251049041748,722,1070
22.571857452392578,719,1072
22.587464332580566,717,1075
22.60310649871826,714,1077
22.61869764328003,712,1080
22.63433837890625,709,1082
22.64994215965271,707,1085
22.66557240486145,704,1087
22.681176900863647,702,1090
22.696764707565308,699,1092
22.712387561798096,697,1095
22.728047609329224,694,1097
22.74366569519043,692,1100
22.759275197982788,689,1102
22.774811506271362,687,1105
22.790325164794922,684,1108
22.806114435195923,682,1110
22.8217294216156,679,1113
22.837341785430908,677,1115
22.852914333343506,674,1118
22.868512868881226,672,1120
22.884196519851685,669,1123
22.89978313446045,666,1125
22.915453910827637,664,1128
22.931045055389404,662,1131
22.9465970993042,659,1133
22.96226954460144,657,1136
22.97786784172058,654,1138
22.99350619316101,651,1141
23.009098291397095,649,1143
23.024686574935913,647,1146
23.04037642478943,644,1148
23.055949449539185,642,1151
23.071577310562134,639,1154
23.08718967437744,637,1156
23.102633953094482,634,1159
23.118439435958862,632,1161
23.134042978286743,629,1163
23.149649381637573,627,1166
23.16528582572937,624,1169
23.18082904815674,622,1171
23.196478366851807,619,1173
23.21211528778076,617,1176
23.227739334106445,614,1178
23.243375301361084,612,1181
23.258793592453003,609,1184
23.274553775787354,607,1186
23.290226221084595,604,1189
23.30583429336548,602,1191
23.321451902389526,599,1194
23.337037086486816,597,1196
23.352648496627808,594,1199
23.368303537368774,592,1202
23.383926391601562,589,1204
23.39952063560486,586,1207
23.415119886398315,584,1209
23.430707693099976,581,1212
23.446369647979736,579,1214
23.461991548538208,576,1217
23.47758984565735,573,1219
23.493181705474854,571,1221
23.50863766670227,569,1224
23.524441242218018,566,1226
23.540064334869385,564,1228
23.55568242073059,561,1230
23.57128930091858,559,1233
23.586873054504395,556,1235
23.602509021759033,554,1238
23.618117570877075,551,1241
23.633769750595093,549,1243
23.64937400817871,546,1245
23.665011167526245,544,1248
23.680554628372192,541,1250
23.696243047714233,539,1252
23.711813926696777,536,1255
23.727473258972168,534,1257
23.742891788482666,531,1260
23.758622646331787,529,1262
23.77427363395691,526,1265
23.78991174697876,524,1267
23.805535793304443,521,1270
23.82112193107605,519,1272
23.83657479286194,516,1275
23.8523850440979,514,1277
23.867977142333984,511,1280
23.883638381958008,509,1282
23.899218320846558,506,1285
23.914785623550415,504,1288
23.930444717407227,501,1290
23.94610285758972,499,1293
23.961807250976562,496,1295
23.977328300476074,494,1298
23.992903232574463,491,1300
24.00848150253296,489,1302
24.024189710617065,486,1305
24.039794445037842,486,1308
24.0553982257843,488,1312
24.071014165878296,490,1316
24.086570024490356,493,1320
24.102262496948242,498,1324
24.11787247657776,503,1329
24.133482456207275,508,1334
24.149102687835693,513,1338
24.164642810821533,518,1343
24.180387020111084,523,1347
24.19593358039856,527,1352
24.211573600769043,532,1357
24.227180004119873,536,1361
24.242727279663086,541,1365
24.258434057235718,545,1369
24.274019479751587,548,1373
24.289669275283813,552,1377
24.305252075195312,557,1382
24.320820093154907,561,1386
24.336421966552734,565,1390
24.352107524871826,569,1394
24.367725610733032,574,1398
24.383334636688232,578,1401
24.39894676208496,582,1405
24.414554119110107,586,1409
24.430194854736328,590,1413
24.44579529762268,594,1417
24.461400032043457,599,1421
24.47704005241394,603,1426
24.492621421813965,607,1430
24.50826072692871,612,1434
24.52388596534729,616,1439
24.539527893066406,621,1443
24.55511498451233,626,1448
24.570703744888306,630,1452
24.586354970932007,635,1456
24.601962566375732,639,1461
24.617584228515625,644,1465
24.63318943977356,648,1469
24.648746252059937,653,1474
24.664412021636963,657,1478
24.6800377368927,661,1482
24.695640325546265,665,1487
24.711283922195435,669,1491
24.726826190948486,673,1495
24.74243927001953,677,1500
24.75813388824463,681,1504
24.773743391036987,685,1509
24.789366722106934,689,1513
24.80496597290039,693,1516
24.820544958114624,697,1520
24.83622694015503,701,1524
24.851818799972534,705,1528
24.86745810508728,709,1532
24.88307499885559,713,1536
24.898637056350708,717,1540
24.914291620254517,721,1544
24.929913759231567,725,1549
24.945523977279663,728,1553
24.961132049560547,732,1557
24.976736307144165,736,1562
24.99235439300537,741,1566
25.007970333099365,745,1570
25.023589849472046,749,1575
25.039209842681885,754,1579
25.05480933189392,758,1583
25.07045578956604,763,1587
25.086084604263306,767,1592
25.101682662963867,771,1596
25.11726713180542,776,1601
25.132879734039307,780,1605
25.148494720458984,785,1610
25.164127826690674,789,1614
25.179775953292847,793,1619
25.195353031158447,798,1623
25.211014986038208,802,1627
25.226563692092896,806,1631
25.242228984832764,810,1635
25.257877111434937,814,1640
25.27346181869507,818,1644
25.28911066055298,822,1649
25.30465006828308,826,1653
25.32028865814209,830,1656
25.335942268371582,834,1661
25.351555824279785,838,1665
25.3671612739563,843,1670
25.38272976875305,847,1674
25.398350715637207,852,1678
25.41397762298584,856,1682
25.429612636566162,861,1686
25.44520592689514,865,1690
25.46079444885254,870,1694
25.476434230804443,874,1698
25.492084741592407,878,1702
25.50769305229187,883,1706
25.523340940475464,887,1710
25.538909196853638,891,1715
25.554524183273315,895,1719
25.57015323638916,900,1724
25.58579134941101,904,1728
25.60141158103943,908,1732
25.616992712020874,913,1737
25.632548809051514,917,1741
25.648224353790283,922,1744
25.663830757141113,926,1748
25.67944049835205,931,1752
25.695063829421997,935,1756
25.71063232421875,939,1760
25.726322889328003,944,1764
25.74191641807556,948,1768
25.757566452026367,952,1772
25.77312922477722,957,1776
25.78874135017395,961,1780
25.804418087005615,965,1784
25.820022583007812,969,1789
25.83565664291382,974,1793
25.85122275352478,979,1798
25.866811990737915,983,1802
25.88243579864502,987,1806
25.89811062812805,992,1810
25.91371989250183,996,1814
25.929323196411133,1000,1818
25.944888830184937,1005,1822
25.960505962371826,1009,1825
25.976167917251587,1013,1829
25.99183416366577,1018,1833
26.007416248321533,1022,1838
26.02302575111389,1026,1842
26.038576126098633,1031,1846
26.05427122116089,1035,1851
26.069857597351074,1040,1855
26.085506916046143,1044,1859
26.10107183456421,1049,1864
26.116680145263672,1053,1868
26.13232421875,1058,1873
26.14794635772705,1062,1877
26.16359543800354,1067,1881
26.179181575775146,1071,1886
26.194755792617798,1075,1890
26.210435152053833,1079,1894
26.226024627685547,1083,1898
26.241679430007935,1087,1902
26.257277488708496,1091,1905
26.272844076156616,1095,1909
26.288437128067017,1099,1913
26.304112434387207,1103,1917
26.31970763206482,1107,1921
26.335339307785034,1111,1925
26.35097098350525,1115,1929
26.3665554523468,1119,1933
26.382184505462646,1124,1937
26.397793292999268,1128,1942
26.413413763046265,1133,1946
26.429011821746826,1137,1951
26.4445960521698,1141,1955
26.46027970314026,1145,1959
26.475910902023315,1149,1964
26.491522073745728,1153,1968
26.507108449935913,1157,1973
26.52269673347473,1161,1977
26.538382053375244,1165,1981
26.55396342277527,1169,1985
26.569599390029907,1173,1990
26.585211753845215,1177,1994
26.600762605667114,1181,1998
26.616421222686768,1185,2003
26.632046222686768,1188,2007
26.647664308547974,1192,2011
26.66329598426819,1196,2016
26.67884111404419,1200,2020
26.694453239440918,1205,2024
26.710138082504272,1209,2028
26.725746870040894,1214,2033
26.741352558135986,1218,2037
26.756994247436523,1222,2042
26.772526264190674,1227,2046
26.788215160369873,1231,2050
26.80382513999939,1236,2054
26.819448709487915,1240,2059
26.835065841674805,1245,2064
26.850640296936035,1249,2068
26.866312742233276,1253,2072
26.88191246986389,1257,2077
26.897523403167725,1262,2081
26.913166999816895,1266,2086
26.928736209869385,1271,2090
26.944364070892334,1275,2094
26.95999550819397,1279,2099
26.975640535354614,1284,2103
26.9912166595459,1288,2107
27.00678563117981,1293,2112
27.022446632385254,1297,2116
27.03806972503662,1301,2121
27.053666353225708,1306,2125
27.06931734085083,1311,2129
27.084887981414795,1315,2133
27.100484371185303,1319,2137
27.116129636764526,1324,2142
27.131744623184204,1328,2145
27.147368907928467,1332,2149
27.162977933883667,1337,2154
27.1785671710968,1341,2158
27.194212675094604,1345,2162
27.209862232208252,1350,2166
27.225478887557983,1354,2170
27.241093397140503,1359,2175
27.256664037704468,1363,2179
27.272305965423584,1368,2183
27.287962913513184,1372,2188
27.303569078445435,1377,2192
27.31914448738098,1381,2197
27.334710836410522,1386,2201
27.350367307662964,1390,2205
27.36596441268921,1395,2210
27.381649494171143,1399,2214
27.397230863571167,1403,2218
27.41281509399414,1408,2222
27.428457021713257,1412,2226
27.44408082962036,1416,2230
27.459715843200684,1421,2233
27.475342988967896,1425,2237
27.490910530090332,1429,2241
27.50649356842041,1434,2246
27.522157430648804,1438,2250
27.53777527809143,1442,2254
27.553412199020386,1447,2259
27.569018840789795,1451,2263
27.584609985351562,1456,2267
27.60024094581604,1460,2272
27.61589765548706,1464,2276
27.631468057632446,1468,2281
27.647114515304565,1472,2285
27.662647247314453,1476,2289
27.678333520889282,1480,2294
27.693942546844482,1484,2298
27.7095365524292,1489,2302
27.72517490386963,1493,2307
27.74074649810791,1498,2311
27.756415843963623,1502,2316
27.77204656600952,1506,2320
27.787642240524292,1510,2324
27.80323362350464,1515,2329
27.818819999694824,1519,2333
27.834442138671875,1524,2337
27.85012912750244,1528,2342
27.865713119506836,1533,2346
27.88135528564453,1537,2349
27.896976709365845,1541,2353
27.912534713745117,1545,2357
27.928176164627075,1550,2361
27.943822860717773,1554,2365
27.959442138671875,1558,2369
27.97505235671997,1562,2373
27.990611791610718,1566,2377
