0
3000
243
-95
261
319
202
255
337
172
275
487
62
1238
1524
951
1270
1500
1039
1874
1474
1878
1947
2211
1682
3000
0
1686
1286
2085
1007
1172
841
0
1000
1000
1066
890
1241
1006
1105
906
2000
1111
1226
995
1130
1123
1136
2053
2070
2035
1000
2097
2140
2053
2082
2375
1788
2048
2228
1867
3000
0
500
31
-181
18
413
-377
147
538
-244
397
735
58
595
874
315
567
893
240
875
851
859
972
1271
672
-500
500
-17
-2
-31
169
-195
533
-500
0
-500
67
-292
426
33
-354
420
0
-554
-171
-936
-553
-153
-952
-342
-741
57
500
-346
-743
51
-370
-641
-98
-356
-712
0
0
449
550
548
535
1482
1521
1985
2073
2213
1594
746
810
796
1399
1389
1817
1787
1838
1785
-122
43
163
358
440
502
641
685
844
227
171
90
-115
-575
-561
-453
-373
-468
-361
